							************************
									 hicss-2023-new.txt
							************************

Filename is hicss-2023-new.txt.

This file contains primary output for SIENA project <<hicss-2023-new>>.

Date and time: 01/06/2022 16:51:27 

RSiena version 1.3.0.1 (02 05 2021)


@1
Data input.
===========

Dependent variables	  Type		 NodeSet(s) (R, C)
-------------------	  ----		 -----------------
net                  bipartite   devs (626), pkgs (250)
0 constant actor covariates,
6 exogenous changing actor covariates,
0 constant dyadic covariates,
2 exogenous changing dyadic covariates,
0 no files with times of composition change.


@2
Reading network variables.
--------------------------

Name of network variable: net.
bipartite network.
This is a two-mode network.
The number of units in the second mode is 250.
For observation moment 1, degree distributions are as follows:
Nodes
  1   2   3   4   5   6   7   8   9  10  11  12  13  14  15 
 16  17  18  19  20  21  22  23  24  25  26  27  28  29  30 
 31  32  33  34  35  36  37  38  39  40  41  42  43  44  45 
 46  47  48  49  50  51  52  53  54  55  56  57  58  59  60 
 61  62  63  64  65  66  67  68  69  70  71  72  73  74  75 
 76  77  78  79  80  81  82  83  84  85  86  87  88  89  90 
 91  92  93  94  95  96  97  98  99 100 101 102 103 104 105 
106 107 108 109 110 111 112 113 114 115 116 117 118 119 120 
121 122 123 124 125 126 127 128 129 130 131 132 133 134 135 
136 137 138 139 140 141 142 143 144 145 146 147 148 149 150 
151 152 153 154 155 156 157 158 159 160 161 162 163 164 165 
166 167 168 169 170 171 172 173 174 175 176 177 178 179 180 
181 182 183 184 185 186 187 188 189 190 191 192 193 194 195 
196 197 198 199 200 201 202 203 204 205 206 207 208 209 210 
211 212 213 214 215 216 217 218 219 220 221 222 223 224 225 
226 227 228 229 230 231 232 233 234 235 236 237 238 239 240 
241 242 243 244 245 246 247 248 249 250 251 252 253 254 255 
256 257 258 259 260 261 262 263 264 265 266 267 268 269 270 
271 272 273 274 275 276 277 278 279 280 281 282 283 284 285 
286 287 288 289 290 291 292 293 294 295 296 297 298 299 300 
301 302 303 304 305 306 307 308 309 310 311 312 313 314 315 
316 317 318 319 320 321 322 323 324 325 326 327 328 329 330 
331 332 333 334 335 336 337 338 339 340 341 342 343 344 345 
346 347 348 349 350 351 352 353 354 355 356 357 358 359 360 
361 362 363 364 365 366 367 368 369 370 371 372 373 374 375 
376 377 378 379 380 381 382 383 384 385 386 387 388 389 390 
391 392 393 394 395 396 397 398 399 400 401 402 403 404 405 
406 407 408 409 410 411 412 413 414 415 416 417 418 419 420 
421 422 423 424 425 426 427 428 429 430 431 432 433 434 435 
436 437 438 439 440 441 442 443 444 445 446 447 448 449 450 
451 452 453 454 455 456 457 458 459 460 461 462 463 464 465 
466 467 468 469 470 471 472 473 474 475 476 477 478 479 480 
481 482 483 484 485 486 487 488 489 490 491 492 493 494 495 
496 497 498 499 500 501 502 503 504 505 506 507 508 509 510 
511 512 513 514 515 516 517 518 519 520 521 522 523 524 525 
526 527 528 529 530 531 532 533 534 535 536 537 538 539 540 
541 542 543 544 545 546 547 548 549 550 551 552 553 554 555 
556 557 558 559 560 561 562 563 564 565 566 567 568 569 570 
571 572 573 574 575 576 577 578 579 580 581 582 583 584 585 
586 587 588 589 590 591 592 593 594 595 596 597 598 599 600 
601 602 603 604 605 606 607 608 609 610 611 612 613 614 615 
616 617 618 619 620 621 622 623 624 625 626
out-degrees
  2   7   1   1   1   4   1   2   5   1   1   3   1   1   1 
  1   1   1   2   4   2   2   1   1   1   1   1   4   2   1 
  1   1   1   1   1   1   1   1   1   3   1   2   1   1   2 
  2   1   5   1   1   1   1   1   1   1   1   1   1   2   2 
  1   1   1   1   1   1   1   1   1   1   1   1   1   1   1 
  1   1   6   1   7   2   1   2   3   2   1   2   1   1   1 
  1   1   1   1   2   2   1   1   1   1   1   1   1   2   1 
  1   1   1   1   1   1   1   1   1   2   1   1   1   1   1 
  1   1   3   2   1   1   1   1   1   1   1   1   1   1   1 
  1   1   1   1   1   1   1   1   1   1   4   1   1   2   2 
  1   1   1   1   1   1   1   1   1   1   1   1   1   1   1 
  1   1   1   1   1   1   1   1   1   1   1   1   1   1   1 
  1   2   1   1   1   3   1   1   1   1   2   1   1   1   1 
  1   1   2   1   1   1   2   3   1   3   1   2   2   2   1 
  1   1   1   1   1   1   1   4   1   1   2   1   1   2   1 
  1   1   1   1   1   1   1   1   1   1   1   1   1   3   1 
  1   1   1   1   1   1   1   1   1   2   1   1   2   1   1 
  1   1   2   1   4   3   1   2   1   1   1   1   1   1   2 
  1   1   1   1   1   1   3   2   1   1   2   2   1   1   1 
  1   1   1   1   1   1   2   1   1   1   1   2   1   1   1 
  2   1   1   1   1   1   2   1   1   1   1   1   2   1   1 
  1   1   1   1   3   1   1   1   1   1   1   2   3   1   3 
  3   2   1   1   2   1   1   1   1   1   1   1   1   1   1 
  1   1   1   1   1   1   1   1   1   1   1   1   1   1   1 
  1   1   1   1   1   1   1   1   1   1   1   1   1   1   1 
  1   1   1   1   1   1   1   1   1   1   1   1   1   1   1 
  1   1   1   1   1   1   1   2   1   1   1   1   1   1   1 
  1   1   1   1   1   1   1   1   2   1   1   1   1   1   1 
  1   1   1   1   1   2   1   1   1   2   2   1   1   1   1 
  1   1   1   1   1   1   3   1   1   1   1   1   1   1   1 
  1   1   1   1   2   2   1   1   1   1   1   1   1   1   1 
  1   1   1   1   1   1   1   1   1   1   1   1   1   1   1 
  1   1   1   1   1   1   1   1   1   1   1   1   1   1   1 
  1   1   1   2   1   1   1   1   1   1   1   1   1   1   1 
  1   1   1   1   1   1   1   1   1   1   1   1   1   1   2 
  1   1   1   1   1   1   1   1   1   1   1   1   1   1   1 
  1   1   1   1   1   1   1   2   1   1   1   1   1   1   2 
  1   1   1   1   1   1   1   2   1   1   1   1   1   1   1 
  1   1   1   1   1   1   1   1   1   1   1   1   1   1   1 
  1   1   1   1   1   1   1   1   1   1   1   1   1   1   1 
  1   1   1   1   1   1   1   1   1   1   1   1   1   1   1 
  1   1   1   1   1   1   1   1   1   1   1
in-degrees
  3   4   1   1   0   0   0   5   3   0   1   2   6   0   1 
  1   1  11   2   0   5   0   1   0   1   0   2   1   1   4 
  7   0   2   4   1   1   0   1   1   2   5   0   0   2   4 
  1   3   4   1   4   7   0   0   1  38   2   0   3   3   5 
  4   2   1  39   0   2   2   0   1   1   1   9   4   2   2 
  2   8   0   2   0   0   7   7   1   0   8   0   1   4   1 
  2   1   6   0   4   1   2   0   5   1   5   6   3   1   0 
 28   3   3   5   1   1   9   1   2   0   0   0   3   6   1 
  1   1   2   0   3   2   0   2   1   0   0   0   2   2   1 
  1   6   1   1   0   2   2  58   1   1   0   3   0   0   5 
  3   1   0   0   0   0   2   2   2   1   1   2   1   0   3 
  4   1   2   3   2   3   0   1   0   2   2   7   2   1   4 
  3   0   2   2   3   6   1   0   2   2   1   1   1   8   3 
  3   2   0  21  10   5   3   0   1   0  43   1   2   2   0 
  0  15   0   1   2   0  10   0   0   1   1   2  11   0   3 
  1   4   0   8   7  11   0   1   1   1   0   0   2   0   3 
  1   2   0   2   7   7   1   4   1   0

No missing data for observation 1.

For observation moment 2, degree distributions are as follows:
Nodes
  1   2   3   4   5   6   7   8   9  10  11  12  13  14  15 
 16  17  18  19  20  21  22  23  24  25  26  27  28  29  30 
 31  32  33  34  35  36  37  38  39  40  41  42  43  44  45 
 46  47  48  49  50  51  52  53  54  55  56  57  58  59  60 
 61  62  63  64  65  66  67  68  69  70  71  72  73  74  75 
 76  77  78  79  80  81  82  83  84  85  86  87  88  89  90 
 91  92  93  94  95  96  97  98  99 100 101 102 103 104 105 
106 107 108 109 110 111 112 113 114 115 116 117 118 119 120 
121 122 123 124 125 126 127 128 129 130 131 132 133 134 135 
136 137 138 139 140 141 142 143 144 145 146 147 148 149 150 
151 152 153 154 155 156 157 158 159 160 161 162 163 164 165 
166 167 168 169 170 171 172 173 174 175 176 177 178 179 180 
181 182 183 184 185 186 187 188 189 190 191 192 193 194 195 
196 197 198 199 200 201 202 203 204 205 206 207 208 209 210 
211 212 213 214 215 216 217 218 219 220 221 222 223 224 225 
226 227 228 229 230 231 232 233 234 235 236 237 238 239 240 
241 242 243 244 245 246 247 248 249 250 251 252 253 254 255 
256 257 258 259 260 261 262 263 264 265 266 267 268 269 270 
271 272 273 274 275 276 277 278 279 280 281 282 283 284 285 
286 287 288 289 290 291 292 293 294 295 296 297 298 299 300 
301 302 303 304 305 306 307 308 309 310 311 312 313 314 315 
316 317 318 319 320 321 322 323 324 325 326 327 328 329 330 
331 332 333 334 335 336 337 338 339 340 341 342 343 344 345 
346 347 348 349 350 351 352 353 354 355 356 357 358 359 360 
361 362 363 364 365 366 367 368 369 370 371 372 373 374 375 
376 377 378 379 380 381 382 383 384 385 386 387 388 389 390 
391 392 393 394 395 396 397 398 399 400 401 402 403 404 405 
406 407 408 409 410 411 412 413 414 415 416 417 418 419 420 
421 422 423 424 425 426 427 428 429 430 431 432 433 434 435 
436 437 438 439 440 441 442 443 444 445 446 447 448 449 450 
451 452 453 454 455 456 457 458 459 460 461 462 463 464 465 
466 467 468 469 470 471 472 473 474 475 476 477 478 479 480 
481 482 483 484 485 486 487 488 489 490 491 492 493 494 495 
496 497 498 499 500 501 502 503 504 505 506 507 508 509 510 
511 512 513 514 515 516 517 518 519 520 521 522 523 524 525 
526 527 528 529 530 531 532 533 534 535 536 537 538 539 540 
541 542 543 544 545 546 547 548 549 550 551 552 553 554 555 
556 557 558 559 560 561 562 563 564 565 566 567 568 569 570 
571 572 573 574 575 576 577 578 579 580 581 582 583 584 585 
586 587 588 589 590 591 592 593 594 595 596 597 598 599 600 
601 602 603 604 605 606 607 608 609 610 611 612 613 614 615 
616 617 618 619 620 621 622 623 624 625 626
out-degrees
  0   5   0   0   0   4   1   0   3   0   2   2   1   0   1 
  0   0   1   2   4   2   0   1   0   2   1   1   4   0   2 
  1   1   1   1   0   2   0   1   1   1   0   1   0   1   1 
  1   0   0   1   0   0   0   0   1   0   1   0   0   0   1 
  1   1   1   1   0   1   1   1   1   1   1   1   0   1   0 
  1   0   4   1   7   0   0   0   1   1   1   0   1   2   1 
  0   0   1   1   2   0   1   1   3   1   1   1   0   1   1 
  0   1   0   1   0   0   2   1   1   0   1   1   0   1   0 
  1   0   2   2   2   0   1   0   0   1   0   1   1   0   1 
  1   0   0   1   1   1   1   0   0   1   5   1   1   2   1 
  0   1   1   2   0   1   1   1   1   1   0   0   1   0   2 
  0   0   0   1   1   0   1   0   1   0   0   0   0   0   0 
  0   0   0   0   1   3   0   0   0   1   1   0   0   0   1 
  1   1   1   1   1   0   2   3   0   2   1   2   1   1   1 
  1   0   1   0   1   1   3   1   1   0   2   0   0   0   1 
  1   0   0   0   0   1   1   1   1   0   0   0   0   1   1 
  0   1   1   1   0   1   0   1   1   1   1   2   2   0   0 
  1   1   0   1   2   2   0   1   1   1   1   1   1   1   2 
  1   1   1   0   0   1   3   0   1   1   2   1   0   2   1 
  1   2   1   1   1   1   1   1   1   0   0   0   0   1   0 
  1   0   1   1   1   1   1   1   1   1   2   1   2   0   0 
  1   1   1   1   3   1   1   0   0   0   1   4   2   1   3 
  3   1   1   1   1   0   1   0   0   1   1   0   1   0   1 
  1   1   1   2   1   0   1   1   2   1   1   0   1   1   1 
  0   0   0   0   1   2   1   1   0   1   1   1   1   1   1 
  0   0   1   1   0   1   1   1   0   1   1   1   1   1   1 
  0   1   1   1   0   1   1   0   1   1   1   2   1   1   1 
  1   0   2   1   1   1   1   0   0   1   1   0   1   1   0 
  1   1   1   1   3   1   1   1   0   2   2   1   1   1   0 
  1   1   1   0   0   1   2   1   1   0   1   1   0   1   1 
  1   1   1   1   1   2   1   0   1   1   1   0   1   1   1 
  0   0   0   2   0   0   1   1   1   1   1   1   1   1   1 
  1   1   1   1   1   1   1   0   0   1   1   0   0   1   1 
  0   1   1   1   0   1   0   1   1   0   1   2   0   0   1 
  1   0   1   1   0   0   0   0   1   0   1   0   1   1   2 
  0   1   2   1   1   1   1   0   0   0   3   1   1   0   1 
  1   1   1   0   0   0   2   2   0   1   1   2   1   1   2 
  1   1   0   0   1   2   1   2   1   1   0   0   0   1   1 
  1   2   0   0   0   0   1   0   0   0   0   1   1   1   1 
  1   1   0   1   1   1   1   1   0   1   1   0   0   1   1 
  0   0   1   1   0   2   1   1   0   1   2   1   1   0   1 
  0   0   0   1   0   0   2   1   0   1   1
in-degrees
  3   2   0   1   0   2   0   3   1   3   1   3   6   0   1 
  1   0  12   2   0   2   0   1   0   0   0   0   2   0   0 
  2   1   2   4   1   1   0   2   1   2   3   0   0   4   1 
  0   1   2   0   4   5   0   0   0  21   1   0   2   2   3 
  3   1   1  15   0   2   2   0   0   2   1   4   2   1   2 
  1   3   1   2   0   0   3   3   1   0   5   1   2   2   1 
  3   1   2   0   2   0   2   0   5   2   5   5   2   0   0 
 20   3   0   6   1   1   7   1   0   0   0   0   2   2   1 
  1   1   0   0   2   0   0   2   0   0   0   0   2   1   1 
  0   3   0   1   0   2   1  43   1   0   0   2   0   0   5 
  0   1   0   0   0   0   2   0   2   3   1   1   3   0   2 
  5   1   1   1   2   4   0   1   0   0   3   5   2   1   2 
  2   0   1   3   1   5   2   0   2   2   1   0   1   6   3 
  2   2   0  17   9   4   0   0   1   0  28   0   1   0   0 
  0  11   0   0   1   0   6   0   0   2   1   1   5   0   0 
  0   3   0   4   4   6   0   0   1   2   1   0   0   0   4 
  1   1   1   2   7   3   1   2   2   0

No missing data for observation 2.

For observation moment 3, degree distributions are as follows:
Nodes
  1   2   3   4   5   6   7   8   9  10  11  12  13  14  15 
 16  17  18  19  20  21  22  23  24  25  26  27  28  29  30 
 31  32  33  34  35  36  37  38  39  40  41  42  43  44  45 
 46  47  48  49  50  51  52  53  54  55  56  57  58  59  60 
 61  62  63  64  65  66  67  68  69  70  71  72  73  74  75 
 76  77  78  79  80  81  82  83  84  85  86  87  88  89  90 
 91  92  93  94  95  96  97  98  99 100 101 102 103 104 105 
106 107 108 109 110 111 112 113 114 115 116 117 118 119 120 
121 122 123 124 125 126 127 128 129 130 131 132 133 134 135 
136 137 138 139 140 141 142 143 144 145 146 147 148 149 150 
151 152 153 154 155 156 157 158 159 160 161 162 163 164 165 
166 167 168 169 170 171 172 173 174 175 176 177 178 179 180 
181 182 183 184 185 186 187 188 189 190 191 192 193 194 195 
196 197 198 199 200 201 202 203 204 205 206 207 208 209 210 
211 212 213 214 215 216 217 218 219 220 221 222 223 224 225 
226 227 228 229 230 231 232 233 234 235 236 237 238 239 240 
241 242 243 244 245 246 247 248 249 250 251 252 253 254 255 
256 257 258 259 260 261 262 263 264 265 266 267 268 269 270 
271 272 273 274 275 276 277 278 279 280 281 282 283 284 285 
286 287 288 289 290 291 292 293 294 295 296 297 298 299 300 
301 302 303 304 305 306 307 308 309 310 311 312 313 314 315 
316 317 318 319 320 321 322 323 324 325 326 327 328 329 330 
331 332 333 334 335 336 337 338 339 340 341 342 343 344 345 
346 347 348 349 350 351 352 353 354 355 356 357 358 359 360 
361 362 363 364 365 366 367 368 369 370 371 372 373 374 375 
376 377 378 379 380 381 382 383 384 385 386 387 388 389 390 
391 392 393 394 395 396 397 398 399 400 401 402 403 404 405 
406 407 408 409 410 411 412 413 414 415 416 417 418 419 420 
421 422 423 424 425 426 427 428 429 430 431 432 433 434 435 
436 437 438 439 440 441 442 443 444 445 446 447 448 449 450 
451 452 453 454 455 456 457 458 459 460 461 462 463 464 465 
466 467 468 469 470 471 472 473 474 475 476 477 478 479 480 
481 482 483 484 485 486 487 488 489 490 491 492 493 494 495 
496 497 498 499 500 501 502 503 504 505 506 507 508 509 510 
511 512 513 514 515 516 517 518 519 520 521 522 523 524 525 
526 527 528 529 530 531 532 533 534 535 536 537 538 539 540 
541 542 543 544 545 546 547 548 549 550 551 552 553 554 555 
556 557 558 559 560 561 562 563 564 565 566 567 568 569 570 
571 572 573 574 575 576 577 578 579 580 581 582 583 584 585 
586 587 588 589 590 591 592 593 594 595 596 597 598 599 600 
601 602 603 604 605 606 607 608 609 610 611 612 613 614 615 
616 617 618 619 620 621 622 623 624 625 626
out-degrees
  0   7   0   1   0   2   1   2   6   0   1   2   1   1   1 
  0   0   0   2   3   3   0   0   0   0   0   1   9   0   2 
  0   1   1   1   0   0   0   0   0   2   0   0   1   0   1 
  2   0   0   1   0   0   0   0   1   0   0   1   1   0   0 
  0   1   1   1   1   1   1   1   1   1   1   0   0   1   0 
  0   1   5   1   8   0   0   0   0   1   0   0   0   1   0 
  2   0   0   1   2   0   1   1   2   1   0   0   0   0   1 
  0   1   1   1   0   1   0   1   1   0   1   0   0   0   0 
  1   0   1   1   2   0   0   0   0   1   0   0   0   0   0 
  0   0   0   1   0   1   1   0   0   2   3   1   1   2   1 
  0   0   0   0   1   1   1   1   1   1   1   0   1   1   2 
  1   0   0   0   0   1   1   0   0   0   1   0   0   0   0 
  0   1   0   1   0   3   0   1   0   0   0   0   1   1   1 
  0   1   1   1   1   0   2   3   0   1   0   2   0   2   0 
  1   0   0   0   1   1   0   1   0   0   1   0   1   1   1 
  1   0   0   0   1   0   1   0   1   1   0   0   0   1   0 
  0   0   0   1   0   1   0   1   0   2   0   1   2   0   0 
  0   1   0   1   2   0   0   0   1   1   2   1   0   0   1 
  0   1   1   0   0   1   1   0   0   0   2   1   1   0   1 
  0   1   1   1   0   0   1   1   1   1   0   1   0   1   0 
  1   0   1   1   0   1   1   1   0   1   0   1   2   1   1 
  1   1   1   2   2   1   2   0   0   0   1   2   3   1   3 
  5   0   1   1   0   1   0   0   0   1   0   1   1   0   0 
  1   1   1   1   0   0   1   1   2   1   0   1   1   1   1 
  0   0   1   0   1   1   0   1   0   1   1   1   1   1   0 
  0   0   0   0   0   0   0   1   1   1   0   0   0   1   0 
  1   1   1   1   1   1   1   1   1   1   1   0   0   1   1 
  1   1   1   0   1   0   0   0   2   1   1   1   1   0   0 
  1   1   2   0   2   0   1   1   0   1   1   0   0   1   1 
  0   0   1   1   1   2   1   1   0   1   1   1   0   1   1 
  0   1   1   1   1   2   1   0   1   1   1   1   1   1   0 
  0   0   1   1   0   1   1   1   1   1   1   1   1   1   1 
  1   1   0   1   1   1   1   0   1   1   1   1   2   1   1 
  0   1   1   0   1   0   0   1   1   0   0   3   0   0   1 
  0   0   1   0   1   0   2   0   0   0   1   0   0   0   1 
  1   0   0   1   0   0   0   0   0   1   0   1   1   0   1 
  1   0   0   0   0   0   2   2   0   1   1   2   0   0   1 
  0   0   0   0   0   1   2   1   0   1   0   0   1   1   1 
  1   1   0   0   0   1   0   0   0   0   0   1   0   0   1 
  1   1   1   1   0   1   0   1   0   1   0   0   1   0   2 
  1   1   0   1   0   2   1   1   0   1   0   0   0   0   0 
  0   0   0   0   1   1   2   1   0   1   1
in-degrees
  3   2   0   1   0   0   0   3   1   2   0   4   2   0   1 
  0   0   6   0   0   1   0   1   0   1   0   0   1   0   1 
  2   1   1   4   1   1   0   1   1   1   2   0   1   2   1 
  0   0   3   0   2   3   0   0   1  15   2   2   1   3   3 
  1   2   2  17   1   3   3   0   0   1   1   2   1   1   2 
  0   1   0   5   1   0   3   3   1   2   3   0   1   2   1 
  3   3   3   0   1   0   2   0   2   0   4   4   1   1   0 
 17   3   3   5   1   1   7   2   1   0   0   0   2   4   0 
  0   0   0   0   1   2   0   1   1   0   0   0   1   1   1 
  0   1   1   0   0   1   1  34   0   1   0   1   0   0   2 
  1   0   0   0   0   0   1   1   1   2   1   1   1   0   2 
  1   1   2   1   2   1   0   1   0   2   1   5   2   0   2 
  2   0   1   3   1   5   2   0   2   2   1   1   1   6   1 
  5   2   0  20   6   1   0   0   0   0  15   1   1   0   0 
  0   6   0   0   1   0   6   0   0   1   1   1   3   0   0 
  0   1   0   7   5   5   1   1   0   1   1   0   0   0   2 
  1   1   0   2   3   5   1   2   2   0

No missing data for observation 3.

For observation moment 4, degree distributions are as follows:
Nodes
  1   2   3   4   5   6   7   8   9  10  11  12  13  14  15 
 16  17  18  19  20  21  22  23  24  25  26  27  28  29  30 
 31  32  33  34  35  36  37  38  39  40  41  42  43  44  45 
 46  47  48  49  50  51  52  53  54  55  56  57  58  59  60 
 61  62  63  64  65  66  67  68  69  70  71  72  73  74  75 
 76  77  78  79  80  81  82  83  84  85  86  87  88  89  90 
 91  92  93  94  95  96  97  98  99 100 101 102 103 104 105 
106 107 108 109 110 111 112 113 114 115 116 117 118 119 120 
121 122 123 124 125 126 127 128 129 130 131 132 133 134 135 
136 137 138 139 140 141 142 143 144 145 146 147 148 149 150 
151 152 153 154 155 156 157 158 159 160 161 162 163 164 165 
166 167 168 169 170 171 172 173 174 175 176 177 178 179 180 
181 182 183 184 185 186 187 188 189 190 191 192 193 194 195 
196 197 198 199 200 201 202 203 204 205 206 207 208 209 210 
211 212 213 214 215 216 217 218 219 220 221 222 223 224 225 
226 227 228 229 230 231 232 233 234 235 236 237 238 239 240 
241 242 243 244 245 246 247 248 249 250 251 252 253 254 255 
256 257 258 259 260 261 262 263 264 265 266 267 268 269 270 
271 272 273 274 275 276 277 278 279 280 281 282 283 284 285 
286 287 288 289 290 291 292 293 294 295 296 297 298 299 300 
301 302 303 304 305 306 307 308 309 310 311 312 313 314 315 
316 317 318 319 320 321 322 323 324 325 326 327 328 329 330 
331 332 333 334 335 336 337 338 339 340 341 342 343 344 345 
346 347 348 349 350 351 352 353 354 355 356 357 358 359 360 
361 362 363 364 365 366 367 368 369 370 371 372 373 374 375 
376 377 378 379 380 381 382 383 384 385 386 387 388 389 390 
391 392 393 394 395 396 397 398 399 400 401 402 403 404 405 
406 407 408 409 410 411 412 413 414 415 416 417 418 419 420 
421 422 423 424 425 426 427 428 429 430 431 432 433 434 435 
436 437 438 439 440 441 442 443 444 445 446 447 448 449 450 
451 452 453 454 455 456 457 458 459 460 461 462 463 464 465 
466 467 468 469 470 471 472 473 474 475 476 477 478 479 480 
481 482 483 484 485 486 487 488 489 490 491 492 493 494 495 
496 497 498 499 500 501 502 503 504 505 506 507 508 509 510 
511 512 513 514 515 516 517 518 519 520 521 522 523 524 525 
526 527 528 529 530 531 532 533 534 535 536 537 538 539 540 
541 542 543 544 545 546 547 548 549 550 551 552 553 554 555 
556 557 558 559 560 561 562 563 564 565 566 567 568 569 570 
571 572 573 574 575 576 577 578 579 580 581 582 583 584 585 
586 587 588 589 590 591 592 593 594 595 596 597 598 599 600 
601 602 603 604 605 606 607 608 609 610 611 612 613 614 615 
616 617 618 619 620 621 622 623 624 625 626
out-degrees
  0   7   0   1   3   7   0   1   3   0   2   1   0   0   0 
  0   0   0   3   4   2   0   0   0   0   0   1   8   0   2 
  0   0   2   0   0   0   0   0   0   1   0   0   2   0   1 
  2   0   0   1   1   1   1   1   1   0   0   1   0   0   1 
  1   1   0   1   0   0   1   1   0   0   1   0   0   0   1 
  1   0   4   1   7   0   0   1   0   0   1   1   1   0   0 
  0   0   1   1   5   0   1   1   0   1   0   0   0   0   1 
  0   1   0   1   1   0   0   1   1   0   1   0   0   0   0 
  1   0   1   0   2   0   0   0   0   0   1   1   0   0   0 
  1   0   0   0   0   1   1   0   1   1   2   1   0   1   1 
  0   0   0   0   2   1   0   1   1   1   0   0   0   0   1 
  1   0   1   0   0   1   1   0   0   1   1   0   0   1   0 
  0   0   0   1   0   3   0   0   0   0   1   1   0   0   1 
  1   1   1   0   1   0   1   3   0   1   0   0   0   1   0 
  2   0   0   0   1   1   1   3   0   0   0   1   0   1   1 
  1   0   0   0   0   0   1   0   1   1   0   0   0   1   0 
  0   0   0   1   0   0   0   1   0   2   0   2   1   0   0 
  0   0   0   0   2   1   0   0   1   1   1   1   0   1   1 
  1   1   1   0   0   1   1   0   0   0   2   0   0   0   1 
  0   2   1   1   1   0   1   0   1   0   0   1   0   1   0 
  1   0   1   1   0   1   0   1   0   1   0   0   3   1   1 
  2   0   1   0   3   1   2   0   0   0   0   2   4   1   2 
  5   1   1   1   0   1   0   0   1   0   0   0   1   1   0 
  1   0   1   0   0   1   1   1   1   1   1   1   1   1   1 
  0   0   1   0   1   1   0   1   0   1   0   1   1   1   0 
  0   0   0   1   0   1   1   1   0   1   0   1   0   1   0 
  1   1   1   1   1   1   0   0   0   1   1   0   1   1   1 
  1   0   1   0   1   0   1   0   2   1   1   0   1   0   0 
  0   1   2   1   2   0   1   2   0   2   2   0   0   1   0 
  0   1   1   1   1   1   1   1   0   2   1   1   1   1   1 
  0   1   1   2   2   2   0   0   1   1   1   1   1   2   0 
  0   0   0   1   0   1   1   1   1   1   1   1   1   1   1 
  0   1   0   1   1   0   1   1   1   1   0   0   1   1   1 
  0   1   1   0   0   1   0   0   1   2   0   2   0   1   1 
  1   0   1   0   0   0   0   0   0   0   1   0   0   0   1 
  1   1   1   0   0   0   0   0   0   1   1   1   0   0   1 
  0   0   0   0   1   0   2   2   0   1   0   1   0   0   2 
  0   1   0   0   0   0   1   2   0   1   1   0   0   1   0 
  1   2   1   0   0   0   0   1   0   0   0   1   0   0   1 
  1   1   0   1   0   0   2   1   1   1   1   1   1   1   1 
  1   1   0   0   0   1   1   1   1   1   0   0   1   0   0 
  0   0   0   1   1   1   2   0   1   0   1
in-degrees
  3   1   0   1   0   0   0   2   0   0   0   3   1   0   1 
  1   0   4   0   0   2   0   1   0   1   1   1   1   3   5 
  3   2   2   1   1   1   1   0   0   1   2   0   1   1   3 
  0   2   1   0   3   3   0   0   0  19   2   2   2   1   1 
  1   2   1  20   1   1   3   0   0   0   1   1   1   1   2 
  2   0   0   4   0   0   1   4   1   0   1   0   2   2   0 
  3   2   0   0   2   0   2   0   3   1   4   4   1   0   0 
 19   0   3   2   1   1   6   1   1   0   0   0   3   4   1 
  1   0   0   0   1   1   0   1   0   0   0   0   2   1   1 
  0   1   1   0   0   0   4  34   0   0   0   1   0   0   2 
  1   1   0   0   0   0   1   0   1   1   1   0   2   0   2 
  5   1   1   1   1   1   0   1   0   0   1   6   2   0   5 
  2   0   2   2   1   5   1   0   2   2   1   1   1   7   1 
  2   2   0  16   6   1   1   0   0   0  13   2   1   0   0 
  0   6   0   0   1   0   4   0   0   1   1   1   2   0   1 
  0   1   0   5   4   7   1   1   0   1   1   0   0   0   3 
  1   3   1   1   4   5   2   2   1   0

No missing data for observation 4.




@2
Reading exogenous changing actor covariates.
--------------------------------------------

6 variables, named:
devActLogVar    
depsUpLogVar    
depsDownLogVar  
comIntLogVar    
relActLogVar    
ageLogVar       

A total of 6 exogenous changing actor covariates.

Number of missing cases per period:
 period                    1       2       3     overall
devActLogVar               0       0       0        0 	   ( 0.0 %)
depsUpLogVar               0       0       0        0 	   ( 0.0 %)
depsDownLogVar             0       0       0        0 	   ( 0.0 %)
comIntLogVar               0       0       0        0 	   ( 0.0 %)
relActLogVar               0       0       0        0 	   ( 0.0 %)
ageLogVar                  0       0       0        0 	   ( 0.0 %)

Information about changing covariates:

              minimum  maximum	  mean  centered 
devActLogVar                               Y 
	period   1     0.7     7.5      2.783 
	period   2     0.0     7.4      2.286 
	period   3     0.0     7.3      2.142 
Overall                            2.404 

depsUpLogVar                               Y 
	period   1     0.0     4.2      1.287 
	period   2     0.0     4.2      1.289 
	period   3     0.0     4.2      1.289 
Overall                            1.288 

depsDownLogVar                             Y 
	period   1     0.0     4.3      0.742 
	period   2     0.0     4.3      0.742 
	period   3     0.0     4.3      0.752 
Overall                            0.745 

comIntLogVar                               Y 
	period   1     0.0     6.8      2.606 
	period   2     0.0     7.1      2.523 
	period   3     0.0     7.0      2.587 
Overall                            2.572 

relActLogVar                               Y 
	period   1     0.0     3.5      0.367 
	period   2     0.0     3.8      0.384 
	period   3     0.0     3.5      0.385 
Overall                            0.379 

ageLogVar                                  Y 
	period   1     0.1     4.8      4.001 
	period   2     0.7     4.8      4.030 
	period   3     1.1     4.8      4.057 
Overall                            4.030 

The mean values are subtracted from the covariates.


@2
Reading exogenous dyadic covariates.
------------------------------------

Exogenous dyadic covariate named depUpDyad.
Exogenous dyadic covariate named depDownDyad.
Number of tie variables with missing data per period:
 period         1      2      3      overall
depUpDyad       0      0      0         0 	   ( 0.0 %)
depDownDyad      0      0      0         0 	   ( 0.0 %)

Information about changing dyadic covariates:
                   mean     centered 
depUpDyad                       Y 
	period   1      0.000 
	period   2      0.000 
	period   3      0.000 

depDownDyad                     Y 
	period   1      0.000 
	period   2      0.000 
	period   3      0.000 


The mean values are subtracted from the covariates.




For the similarity variable calculated from each actor covariate,
the mean is subtracted.
These means are:
Similarity devActLogVar             :       0.7275 
Similarity depsUpLogVar             :       0.7268 
Similarity depsDownLogVar           :       0.7853 
Similarity comIntLogVar             :       0.7329 
Similarity relActLogVar             :       0.8453 
Similarity ageLogVar                :       0.8483 



@1
Initial data description.
=========================


@2
Change in networks:
-------------------

For the following statistics, missing values (if any) are not counted.

Network density indicators:
observation time              1      2      3      4
density                    0.005  0.003  0.003  0.003
average degree             1.211  0.832  0.695  0.674
number of ties               758    521    435    422
missing fraction           0.000  0.000  0.000  0.000

The average degree is 0.853 


Tie changes between subsequent observations:
 periods        0 =>  0   0 =>  1   1 =>  0   1 =>  1   Distance Jaccard   Missing
  1 ==>   2    155654        88       325       433       413     0.512         0 (0%)
  2 ==>   3    155855       124       210       311       334     0.482         0 (0%)
  3 ==>   4    155933       132       145       290       277     0.511         0 (0%)


Standard values for initial parameter values
-------------------------------------------------

constant net rate (period 1)            1.3198 
constant net rate (period 2)            1.0674 
constant net rate (period 3)            0.8853 
outdegree (density)                               -1.4800 

Initialisation of project <<hicss-2023-new>> executed succesfully.
