9 9 9 9
1 1 1 1
3 3 3 3
5 5 5 5
1 1 1 1
2 2 2 2
2 2 2 2
6 6 6 6
2 2 2 2
5 5 5 5
0 0 0 0
2 2 2 2
4 4 4 4
0 0 0 0
4 4 4 4
7 7 7 7
6 6 6 6
56 56 56 56
2 2 2 2
3 3 1 1
0 0 0 0
3 3 3 3
9 9 8 8
1 1 1 1
5 5 5 6
0 0 0 0
4 4 4 4
0 0 0 0
11 11 11 11
23 23 23 23
7 7 7 7
0 0 0 0
18 18 18 18
1 1 1 1
5 5 5 5
9 9 9 9
4 4 4 4
2 2 2 2
2 2 2 3
27 12 12 12
0 0 0 0
0 0 0 0
2 2 2 2
0 0 1 0
6 6 6 6
4 4 4 4
0 0 0 0
8 8 8 8
0 0 0 0
5 5 5 5
25 25 25 25
1 1 1 1
4 4 4 4
2 2 2 2
0 0 0 0
6 6 6 6
6 6 6 6
5 5 5 5
2 2 2 3
19 19 19 19
0 0 0 0
4 4 4 4
4 4 4 4
30 30 17 16
0 0 0 0
0 0 0 0
3 3 3 3
0 0 0 0
3 3 3 3
0 0 0 0
1 1 1 1
3 3 3 3
2 2 2 2
3 3 3 3
0 0 0 0
0 0 0 0
0 0 0 0
6 6 6 6
5 5 5 5
11 11 11 11
2 2 2 2
7 7 7 7
41 41 41 41
0 0 0 0
4 4 4 4
5 5 5 5
5 5 5 5
1 1 1 1
4 4 4 4
0 0 0 0
2 2 2 2
0 0 0 0
3 3 3 3
1 4 4 4
13 13 13 13
1 1 1 1
3 3 3 3
1 1 1 1
2 3 4 4
31 31 31 31
0 0 0 0
0 0 0 0
0 0 0 0
0 0 0 0
1 1 1 1
37 37 37 37
0 0 0 0
0 0 0 0
15 15 15 15
10 10 10 10
1 1 1 1
2 2 2 2
8 8 8 8
1 1 1 1
3 3 3 3
0 0 0 0
10 10 10 10
1 1 1 1
2 2 2 1
5 5 5 5
1 1 1 1
4 4 4 4
27 27 27 27
1 1 1 1
0 0 0 0
5 5 5 5
2 2 2 2
15 15 15 15
14 14 14 14
4 4 4 4
0 0 0 0
4 4 4 4
4 4 4 4
3 3 3 3
3 3 3 3
24 24 24 24
0 0 0 0
1 1 1 1
3 3 3 3
4 4 4 4
2 2 2 2
0 0 0 0
0 0 0 0
4 4 4 4
0 0 0 0
3 3 3 3
1 2 2 2
1 1 1 1
7 7 7 7
5 5 5 6
0 0 0 0
22 22 22 22
3 3 3 2
0 0 0 0
12 12 12 12
0 0 0 0
5 4 4 4
4 4 4 4
3 3 3 3
0 0 0 0
9 9 9 9
0 0 0 0
6 6 6 6
0 0 0 0
4 4 4 4
43 43 43 43
0 0 0 0
2 2 2 2
3 3 3 3
5 5 5 5
1 1 1 1
3 3 3 3
5 5 5 5
0 0 0 0
2 2 2 2
13 13 13 13
1 1 1 1
16 16 16 16
8 8 8 8
2 2 2 2
4 4 4 4
0 0 0 0
6 6 6 6
0 0 0 0
1 1 1 1
3 4 4 4
4 4 4 4
2 2 2 2
1 1 1 1
5 5 5 5
0 0 0 0
1 1 1 1
2 2 2 2
3 3 3 3
23 23 23 23
0 0 0 0
0 0 0 0
0 0 0 0
0 0 0 0
0 0 0 0
8 8 8 8
0 0 0 0
9 9 9 9
10 10 10 10
4 4 4 4
16 16 17 17
0 0 0 0
1 1 1 1
0 0 0 0
2 2 2 2
9 9 9 9
7 7 7 7
33 33 33 33
2 2 2 2
0 0 0 0
7 7 7 7
5 5 5 5
69 69 69 69
0 0 0 0
0 0 0 0
0 0 0 0
3 3 3 3
16 16 16 16
2 2 2 2
0 0 0 0
18 18 18 18
11 11 12 12
0 0 0 0
0 0 0 0
13 13 14 15
10 10 10 10
4 4 4 4
0 0 0 0
0 0 0 0
0 0 0 0
6 6 6 6
0 0 0 0
13 13 13 13
7 7 7 7
19 19 19 19
2 2 2 2
4 4 4 4
0 0 0 0
1 1 1 1
8 10 10 10
11 11 12 12
2 2 2 2
5 3 3 3
4 4 5 5
8 8 8 8
