60.56453830826247 61.484475062610606 62.50297646921033 63.488622991726196
48.192275680617065 49.1122124349652 50.130713841564926 51.11636036408079
24.33042701576502 25.25036377011316 26.268865176712882 27.254511699228747
46.10653828620711 47.02647504055525 48.04497644715497 49.03062296967084
117.71587007642563 118.63580683077377 119.6543082373735 120.63995475988936
52.5896837207852 53.50962047513334 54.528121881733064 55.51376840424893
67.51249064092121 68.43242739526936 69.45092880186908 70.43657532438495
70.71014549351915 71.63008224786728 72.648583654467 73.63423017698287
117.77840179774016 118.6983385520883 119.71683995868803 120.70248648120389
68.26443230030581 69.18436905465394 70.20287046125367 71.18851698376953
65.11045036326702 66.03038711761516 67.04888852421489 68.03453504673075
60.456056503936125 61.37599325828426 62.394494664883986 63.38014118739985
120.9400844218415 121.86002117618963 122.87852258278936 123.86416910530522
60.60663249036219 61.52656924471032 62.54507065131005 63.53071717382591
62.91091554659651 63.830852300944656 64.84935370754438 65.83500023006025
81.32643169378335 82.24636844813149 83.26486985473122 84.25051637724708
36.17033639446547 37.09027314881361 38.10877455541333 39.0944210779292
78.9483240982209 79.86826085256904 80.88676225916876 81.87240878168461
51.99074099247608 52.91067774682422 53.929179153423945 54.9148256759398
23.819437741895985 24.739374496244125 25.75787590284385 26.74352242535971
4.37534048231274 5.295277236660879 6.313778643260604 7.299425165776467
29.471183676674478 30.391120431022618 31.40962183762234 32.3952683601382
5.265742814705298 6.185679569053437 7.204180975653162 8.189827498169025
94.15476877652823 95.07470553087637 96.0932069374761 97.07885345999195
101.50358112038197 102.42351787473011 103.44201928132983 104.4276658038457
48.55545153600386 49.475388290351994 50.49388969695172 51.47953621946758
67.51645668631114 68.43639344065929 69.45489484725901 70.44054136977488
70.52695616154564 71.44689291589378 72.46539432249351 73.45104084500936
74.14340695337116 75.0633437077193 76.08184511431902 77.06749163683489
90.35762948398819 91.27756623833632 92.29606764493604 93.28171416745191
75.47922982105496 76.3991665754031 77.41766798200283 78.40331450451869
96.34769937324745 97.2676361275956 98.28613753419532 99.27178405671118
48.95245130670415 49.872388061052284 50.89088946765201 51.87653599016787
63.37208528352168 64.29202203786981 65.31052344446954 66.2961699669854
102.54287038824282 103.46280714259096 104.48130854919069 105.46695507170655
118.79442653054706 119.7143632848952 120.73286469149492 121.71851121401079
87.32453768310704 88.24447443745518 89.2629758440549 90.24862236657076
88.49460891508153 89.41454566942967 90.4330470760294 91.41869359854526
37.16151517675091 38.081451931099046 39.09995333769877 40.085599860214636
95.54931558865381 96.46925234300194 97.48775374960167 98.47340027211753
110.25310456941469 111.17304132376283 112.19154273036256 113.17718925287842
52.902638529728726 53.82257528407686 54.84107669067659 55.82672321319245
111.80687760757122 112.72681436191937 113.74531576851909 114.73096229103496
21.056376916629972 21.976313670978108 22.994815077577833 23.980461600093697
30.004643735174422 30.924580489522562 31.943081896122287 32.92872841863815
27.647292743861954 28.567229498210093 29.585730904809818 30.571377427325682
92.66081603584529 93.58075279019343 94.59925419679315 95.58490071930902
93.53042574948303 94.45036250383117 95.4688639104309 96.45451043294676
31.92102955950879 32.840966313856924 33.85946772045665 34.845114242972514
67.94748443423813 68.86742118858628 69.885922595186 70.87156911770187
44.45846623856448 45.378402992912626 46.39690439951235 47.38255092202821
85.42136620532933 86.34130295967748 87.3598043662772 88.34545088879307
70.8461863853011 71.76612313964922 72.78462454624895 73.77027106876481
121.14182712665026 122.0617638809984 123.08026528759812 124.06591181011397
54.53698325541706 55.4569200097652 56.475421416364924 57.46106793888079
86.50602299271489 87.42595974706302 88.44446115366274 89.43010767617861
73.6816534828839 74.60159023723203 75.62009164383176 76.60573816634762
63.140363726002434 64.06030048035058 65.0788018869503 66.06444840946617
55.84260509037755 56.76254184472569 57.781043251325414 58.76668977384128
44.65552929902736 45.5754660533755 46.593967459975225 47.57961398249108
90.87925652097199 91.79919327532012 92.81769468191985 93.80334120443571
76.25840046909474 77.17833722344287 78.19683863004259 79.18248515255846
100.34615426622952 101.26609102057765 102.28459242717737 103.27023894969324
29.948536924858903 30.868473679207042 31.886975085806768 32.87262160832263
46.123466291041034 47.04340304538918 48.0619044519889 49.04755097450476
81.02747258708635 81.9474093414345 82.96591074803422 83.95155727055008
89.76679372836769 90.68673048271582 91.70523188931554 92.6908784118314
68.92926726003196 69.84920401438009 70.86770542097982 71.85335194349568
80.18589135718811 81.10582811153624 82.12432951813597 83.10997604065183
120.39061909096924 121.31055584531738 122.3290572519171 123.31470377443297
1.0902313173971936 2.010168071745332 3.0286694783450567 4.014316000860919
57.487029458738604 58.40696621308674 59.425467619686465 60.41111414220233
50.37436382981474 51.29430058416288 52.31280199076261 53.298448513278466
96.83963051336517 97.75956726771331 98.77806867431303 99.7637151968289
22.534188641412516 23.454125395760656 24.47262680236038 25.45827332487624
20.587929386716436 21.507866141064575 22.5263675476643 23.51201407018016
67.2584332224481 68.17836997679623 69.19687138339596 70.18251790591182
63.86162738530641 64.78156413965455 65.80006554625427 66.78571206877014
68.68421619920707 69.60415295355521 70.62265436015494 71.6083008826708
103.01876903130568 103.93870578565382 104.95720719225355 105.94285371476941
43.37813982947402 44.298076583822166 45.31657799042189 46.30222451293775
68.50177180305626 69.4217085574044 70.44020996400413 71.42585648651999
89.82001174219867 90.73994849654682 91.75844990314654 92.7440964256624
94.83805677012153 95.75799352446967 96.7764949310694 97.76214145358526
93.78904593523481 94.70898268958295 95.72748409618268 96.71313061869854
51.176122616024514 52.09605937037265 53.114560776972375 54.10020729948824
106.9866703966847 107.90660715103284 108.92510855763257 109.91075508014842
21.500597694606245 22.420534448954385 23.43903585555411 24.424682378069974
41.96431691045447 42.88425366480261 43.90275507140233 44.888401593918196
55.17818288344198 56.09811963779011 57.11662104438984 58.1022675669057
101.63265591087504 102.55259266522319 103.57109407182291 104.55674059433876
102.01603180155041 102.93596855589855 103.95446996249828 104.94011648501414
119.24164845730348 120.16158521165163 121.18008661825134 122.1657331407672
49.66042939622306 50.580366150571194 51.59886755717092 52.584514079686784
38.376265719198734 39.29620247354688 40.3147038801466 41.30035040266246
55.49296921793968 56.41290597228782 57.43140737888754 58.417053901403406
78.05746011401861 78.97739686836675 79.99589827496648 80.98154479748234
40.11016434248783 41.03010109683597 42.048602503435696 43.03424902595155
9.905187107043798 10.825123861391937 11.843625267991662 12.829271790507525
45.9858399784618 46.90577673280994 47.92427813940966 48.90992466192552
21.834239941043737 22.754176695391873 23.7726781019916 24.758324624507463
118.10206316465545 119.02199991900359 120.04050132560332 121.02614784811917
120.35366793446971 121.27360468881785 122.29210609541758 123.27775261793344
39.27067828527926 40.1906150396274 41.20911644622713 42.19476296874299
108.1274794565711 109.04741621091922 110.06591761751895 111.05156414003481
90.9518678431301 91.87180459747823 92.89030600407796 93.87595252659382
114.45433272300824 115.37426947735636 116.39277088395609 117.37841740647195
1.557429818697319 2.4773665730454577 3.4958679796451824 4.481514502161045
66.55897724304933 67.47891399739747 68.4974154039972 69.48306192651306
32.314309720786724 33.23424647513486 34.252747881734585 35.23839440425045
51.13357703785841 52.053513792206545 53.07201519880627 54.057661721322134
100.44487684437965 101.36481359872779 102.38331500532752 103.36896152784337
74.24677383214957 75.1667105864977 76.18521199309743 77.17085851561329
65.62291331368125 66.54285006802938 67.5613514746291 68.54699799714497
90.71305519620526 91.6329919505534 92.65149335715313 93.637139879669
86.53432407730632 87.45426083165447 88.47276223825419 89.45840876077006
54.91417116558025 55.834107919928385 56.85260932652811 57.838255849043975
61.799920083536584 62.71985683788473 63.738358244484445 64.72400476700031
111.86090099462078 112.7808377489689 113.79933915556863 114.7849856780845
61.2637187279684 62.183655482316546 63.20215688891627 64.18780341143213
72.16191022478976 73.08184697913791 74.10034838573763 75.0859949082535
58.481828864460674 59.40176561880881 60.420267025408535 61.4059135479244
66.37908778224208 67.29902453659022 68.31752594318995 69.30317246570581
90.14122499435307 91.06116174870121 92.07966315530093 93.0653096778168
21.232496671161396 22.152433425509535 23.17093483210926 24.156581354625125
57.01108483214729 57.931021586495426 58.94952299309515 59.935169515611015
21.9165713011827 22.83650805553084 23.855009462130564 24.840655984646425
112.18181279522813 113.10174954957627 114.120250956176 115.10589747869186
58.30502674440802 59.22496349875615 60.24346490535588 61.22911142787174
117.15897230683116 118.07890906117929 119.09741046777901 120.08305699029488
70.38915811983362 71.30909487418177 72.32759628078149 73.31324280329736
115.11542176278621 116.03535851713436 117.05385992373408 118.03950644624994
62.434684240227 63.35462099457514 64.37312240117487 65.35876892369073
80.38550004296992 81.30543679731807 82.32393820391779 83.30958472643366
26.216480957476502 27.13641771182464 28.154919118424363 29.140565640940228
88.64006884961513 89.56000560396328 90.578507010563 91.56415353307887
4.965406571965506 5.885343326313644 6.9038447329133685 7.889491255429231
120.30103949240726 121.22097624675538 122.23947765335511 123.22512417587097
53.207119337380874 54.12705609172901 55.145557498328735 56.1312040208446
91.29647533602105 92.21641209036919 93.23491349696891 94.22056001948476
60.95471944704926 61.8746562013974 62.893157607997125 63.87880413051298
35.62438539577587 36.544322150124 37.56282355672373 38.54847007923959
97.81466143536296 98.7345981897111 99.75309959631082 100.73874611882668
37.51628396088444 38.43622071523257 39.4547221218323 40.44036864434816
74.18567343614174 75.10561019048988 76.12411159708961 77.10975811960547
77.73627420823152 78.65621096257965 79.67471236917937 80.66035889169524
29.711671688444437 30.631608442792572 31.650109849392297 32.63575637190816
117.79610082836898 118.71603758271712 119.73453898931685 120.7201855118327
66.98078069973297 67.90071745408112 68.91921886068084 69.90486538319671
14.662308303919847 15.582245058267985 16.600746464867708 17.586392987383572
61.85963624395664 62.77957299830478 63.798074404904504 64.78372092742036
56.36336345145121 57.28330020579934 58.30180161239907 59.28744813491493
70.02286798953207 70.9428047438802 71.96130615047993 72.94695267299579
89.09977617382059 90.01971292816873 91.03821433476845 92.02386085728432
66.6504235215112 67.57036027585934 68.58886168245907 69.57450820497493
32.11325044852241 33.03318720287054 34.05168860947027 35.03733513198613
101.79710564024055 102.71704239458867 103.7355438011884 104.72119032370426
41.078854984854054 41.99879173920219 43.017293145801915 44.00293966831778
91.24091245048001 92.16084920482815 93.17935061142788 94.16499713394373
60.784235150847266 61.70417190519541 62.722673311795134 63.70831983431099
112.60881246782009 113.52874922216823 114.54725062876796 115.5328971512838
87.24490425539197 88.1648410097401 89.18334241633983 90.16898893885569
118.27813298622756 119.1980697405757 120.21657114717543 121.2022176696913
113.6783827213731 114.59831947572123 115.61682088232095 116.60246740483682
3.5507369977937033 4.470673752141842 5.489175158741567 6.4748216812574295
104.30748576934806 105.2274225236962 106.24592393029593 107.2315704528118
60.599067982611245 61.51900473695939 62.53750614355911 63.52315266607498
117.43389809129854 118.35383484564669 119.37233625224641 120.35798277476228
89.66671904891194 90.58665580326009 91.60515720985981 92.59080373237568
42.750258607485286 43.67019536183342 44.68869676843315 45.67434329094901
45.92747913296569 46.84741588731383 47.865917293913554 48.85156381642942
67.2767914783405 68.19672823268863 69.21522963928835 70.20087616180422
1.0900483757746946 2.0099851301228333 3.028486536722558 4.014133059238421
85.74112115884957 86.6610579131977 87.67955931979742 88.66520584231328
84.06675609431481 84.98669284866295 86.00519425526268 86.99084077777854
88.2631274883582 89.18306424270634 90.20156564930605 91.18721217182191
11.9103094937686 12.830246248116739 13.848747654716464 14.834394177232326
4.971740469992159 5.891677224340298 6.910178630940022 7.895825153455885
37.947254057235945 38.86719081158409 39.885692218183806 40.87133874069967
49.515058275590114 50.43499502993825 51.453496436537975 52.43914295905384
114.74132737344215 115.66126412779029 116.67976553439001 117.66541205690588
30.36193703308228 31.28187378743042 32.300375194030146 33.28602171654601
23.257316143460244 24.17725289780838 25.195754304408105 26.18140082692397
5.897081095664753 6.817017850012891 7.835519256612616 8.821165779128478
53.979436634564706 54.89937338891284 55.91787479551257 56.90352131802843
45.542451583536966 46.4623883378851 47.48088974448483 48.46653626700069
74.90205988144862 75.82199663579676 76.84049804239649 77.82614456491235
100.420635338546 101.34057209289415 102.35907349949387 103.34472002200972
72.7977688438351 73.71770559818324 74.73620700478297 75.72185352729883
63.104201757888404 64.02413851223655 65.04263991883627 66.02828644135214
60.795475170225565 61.7154119245737 62.733913331173426 63.71955985368929
47.44863717978846 48.368573934136606 49.38707534073633 50.372721863252195
58.324605983239444 59.24454273758759 60.26304414418731 61.24869066670317
32.705166321766434 33.62510307611458 34.6436044827143 35.62925100523016
26.508970209290176 27.428906963638312 28.447408370238037 29.4330548927539
8.628672526928456 9.548609281276594 10.567110687876319 11.552757210392182
15.890115580364036 16.810052334712175 17.8285537413119 18.81420026382776
47.74699436789713 48.666931122245266 49.68543252884499 50.671079051360856
80.9065315441111 81.82646829845925 82.84496970505897 83.83061622757484
120.90616061399086 121.82609736833899 122.84459877493872 123.83024529745458
72.62486292288304 73.54479967723118 74.56330108383091 75.54894760634677
72.41636862647572 73.33630538082384 74.35480678742357 75.34045330993943
88.45678025558362 89.37671700993175 90.39521841653148 91.38086493904734
35.61123683313902 36.53117358748715 37.54967499408688 38.53532151660274
118.24730670414557 119.16724345849372 120.18574486509344 121.1713913876093
57.43953971524246 58.3594764695906 59.37797787619032 60.363624398706186
82.14015302428447 83.06008977863262 84.07859118523234 85.0642377077482
51.379923709362046 52.29986046371018 53.31836187030991 54.30400839282577
92.84988764846491 93.76982440281304 94.78832580941277 95.77397233192863
41.45918011359272 42.37911686794086 43.397618274540584 44.38326479705645
83.19784116793029 84.11777792227842 85.13627932887815 86.12192585139401
66.85616562131857 67.7761023756667 68.79460378226642 69.78025030478229
112.35912975321571 113.27906650756385 114.29756791416358 115.28321443667943
83.80785019313652 84.72778694748466 85.74628835408438 86.73193487660025
95.52127427820025 96.4412110325484 97.45971243914812 98.44535896166398
69.43160482457242 70.35154157892055 71.37004298552027 72.35568950803614
76.73467031949093 77.65460707383907 78.6731084804388 79.65875500295466
62.70463691094121 63.62457366528935 64.64307507188907 65.62872159440494
53.296119035830834 54.21605579017898 55.2345571967787 56.22020371929456
68.26567679273968 69.18561354708781 70.20411495368754 71.1897614762034
77.60557272071144 78.52550947505956 79.54401088165929 80.52965740417515
3.6296711332577365 4.549607887605875 5.5681092942056 6.553755816721463
111.82779390138819 112.74773065573633 113.76623206233606 114.75187858485192
55.16152608236689 56.081462836715026 57.09996424331475 58.085610765830616
70.12600486054546 71.04594161489361 72.06444302149333 73.0500895440092
8.740281401701914 9.660218156050052 10.678719562649777 11.66436608516564
30.11508282625014 31.035019580598277 32.053520987198006 33.03916750971386
57.13812539804224 58.058062152390384 59.07656355899011 60.062210081505974
83.22677899728718 84.14671575163533 85.16521715823505 86.15086368075092
101.14377592284578 102.06371267719392 103.08221408379364 104.06786060630951
53.54225812835156 54.4621948826997 55.48069628929942 56.46634281181529
33.6881894251384 34.60812617948653 35.62662758608626 36.61227410860212
90.68036349251982 91.60030024686795 92.61880165346767 93.60444817598353
83.22784267758179 84.14777943192993 85.16628083852966 86.15192736104551
98.71033367214933 99.63027042649746 100.64877183309719 101.63441835561305
61.13828178500889 62.058218539357036 63.07671994595676 64.06236646847262
74.01645853858129 74.93639529292943 75.95489669952916 76.94054322204502
35.611055452123516 36.53099220647165 37.54949361307138 38.53514013558724
52.882634100023346 53.80257085437149 54.82107226097121 55.80671878348708
50.16205380329507 51.08199055764321 52.100491964242934 53.0861384867588
101.86052159562178 102.78045834996992 103.79895975656964 104.78460627908551
48.42791270525747 49.347849459605605 50.36635086620533 51.351997388721195
13.426548543091235 14.346485297439372 15.364986704039097 16.35063322655496
37.15807510497211 38.078011859320256 39.09651326591998 40.08215978843584
64.25675569389591 65.17669244824405 66.19519385484378 67.18084037735964
73.5600197091278 74.47995646347594 75.49845787007567 76.48410439259153
60.1973878325131 61.117324586861244 62.13582599346096 63.121472515976826
75.97085757103538 76.89079432538351 77.90929573198324 78.8949422544991
35.23748642492469 36.157423179272826 37.17592458587255 38.161571108388415
85.38000811903507 86.29994487338321 87.31844627998294 88.3040928024988
