1 1 1 1 1
5 5 5 5 5
0 0 0 0 0
0 0 0 0 0
0 0 0 0 0
0 0 0 0 0
0 0 0 0 0
8 8 8 8 8
0 0 0 0 0
0 0 0 0 0
5 5 5 5 5
4 4 4 4 4
0 0 0 0 0
16 17 17 17 18
0 0 0 0 0
1 1 1 1 1
0 0 0 0 0
5 5 5 5 5
8 8 8 8 8
1 1 1 1 1
1 1 1 1 1
0 0 0 0 0
13 11 11 12 12
0 0 0 0 0
0 0 0 0 0
1 1 0 0 0
0 0 0 0 0
3 3 3 3 2
1 1 1 1 1
0 0 0 0 0
5 5 5 5 5
1 1 1 1 1
0 0 0 0 0
4 4 4 4 4
0 0 0 0 0
0 0 0 0 0
0 0 0 0 0
47 47 46 44 42
0 0 0 0 0
1 1 1 1 1
5 5 5 5 5
3 3 3 3 3
0 0 0 0 0
2 2 2 2 2
7 7 7 7 7
0 0 0 0 0
1 1 1 1 1
1 1 1 1 1
1 1 1 1 1
0 0 0 0 0
0 0 0 0 0
1 1 1 1 1
0 0 0 0 0
0 0 0 0 0
3 3 3 3 3
0 0 0 0 0
2 2 2 2 2
0 0 0 0 0
3 3 3 3 3
0 0 0 0 0
3 3 3 3 3
3 3 3 3 3
0 0 0 0 0
0 0 0 0 0
1 1 1 1 0
0 0 0 0 0
2 2 2 2 2
1 1 1 1 1
0 0 0 0 0
0 0 0 0 0
7 9 10 18 17
1 1 1 1 1
0 0 0 0 0
0 0 0 0 0
2 3 3 3 3
7 7 7 7 7
8 8 8 8 8
1 1 1 1 1
2 2 2 2 2
3 3 3 3 3
3 3 3 3 3
0 0 0 0 0
0 0 0 0 0
0 0 0 0 0
0 0 0 0 0
0 0 0 0 0
0 0 0 0 0
0 0 0 0 0
1 1 1 1 1
1 1 1 1 1
0 0 0 0 0
30 30 31 30 30
0 0 0 0 0
182 181 180 180 181
1 1 1 1 1
2 2 2 2 2
0 0 0 0 0
0 0 0 0 0
3 3 3 3 3
0 0 0 0 0
0 0 0 0 0
0 0 0 0 0
0 0 0 0 0
0 0 0 0 0
4 4 4 4 4
8 8 8 8 9
0 0 0 0 0
0 0 0 0 0
1 1 1 1 1
0 0 0 0 0
2 2 2 2 2
0 0 0 0 0
0 0 0 0 0
2 2 2 2 2
1 1 1 1 1
0 0 0 0 0
0 0 0 0 0
0 0 0 0 0
0 0 0 0 0
0 0 0 0 0
0 0 0 0 0
1 1 1 1 1
0 0 0 0 0
2 2 2 2 2
22 22 22 22 21
0 0 0 0 0
0 0 0 0 1
95 94 92 92 90
0 0 0 0 0
2 2 2 2 2
2 2 2 2 2
0 0 0 0 0
0 0 0 0 0
1 1 1 1 1
21 21 20 22 21
0 0 0 0 0
1 1 1 1 1
4 4 4 4 4
0 0 0 0 0
0 0 0 0 0
5 5 5 5 5
9 9 9 9 8
0 0 0 0 0
0 0 0 0 0
1 1 1 1 1
1 1 1 1 1
4 4 5 5 5
1 1 1 1 1
0 0 0 0 0
2 2 2 2 2
0 0 0 0 0
1 1 1 1 1
9 9 8 8 8
2 2 2 2 2
2 2 2 2 2
7 6 6 6 6
0 0 0 0 0
0 0 0 0 0
2 2 2 2 2
14 14 13 13 13
2 2 2 2 2
1 1 1 1 1
0 0 0 0 0
0 0 0 0 0
1 1 1 1 1
21 20 20 20 20
0 0 0 0 0
4 4 4 4 4
1 1 1 1 1
9 9 9 9 9
17 18 17 18 18
0 0 0 0 0
0 0 0 0 0
1 1 1 1 1
0 0 0 0 0
4 4 4 4 4
0 0 0 0 0
1 1 1 1 1
0 0 0 0 0
0 0 0 0 0
0 0 0 0 0
0 0 0 0 0
0 0 0 0 0
0 0 0 0 0
1 1 1 1 1
0 0 0 0 0
15 15 15 15 15
0 0 0 0 0
2 2 2 2 2
1 1 0 0 0
0 0 0 0 0
0 0 0 0 0
0 0 0 0 0
0 0 0 0 0
1 1 1 1 1
1 1 1 1 1
1 1 1 1 1
16 14 14 14 13
0 0 0 0 0
20 20 21 21 22
0 0 0 0 0
0 0 0 0 0
0 0 0 0 0
0 0 0 0 0
5 5 5 5 5
0 0 0 0 0
3 4 4 4 4
0 0 0 0 0
0 0 0 0 0
32 32 32 32 34
1 1 1 1 1
1 1 1 1 1
0 0 0 0 0
12 12 12 12 12
0 0 0 0 0
2 2 2 2 2
0 0 0 0 0
0 0 0 0 0
2 2 2 2 2
0 0 0 0 0
3 3 3 3 3
0 0 0 0 0
16 16 16 16 16
0 0 0 0 0
0 0 0 0 0
1 1 1 1 1
0 0 0 0 0
0 1 0 0 0
0 0 0 0 0
4 4 4 4 4
29 28 28 28 28
0 0 0 0 0
0 0 0 0 0
7 7 7 7 7
24 24 24 24 24
0 0 0 0 0
0 0 0 0 0
0 0 0 0 0
0 0 0 0 0
18 18 18 17 17
1 1 1 1 1
84 84 84 85 86
3 4 3 3 3
2 2 2 2 2
3 3 3 3 3
2 1 1 1 1
2 2 2 2 2
0 0 0 0 0
4 4 4 4 4
2 2 2 2 2
4 4 4 4 4
1 1 0 0 0
0 0 0 0 0
0 0 0 0 0
1 1 1 1 1
0 0 0 0 0
0 0 0 0 0
5 5 5 5 5
0 1 1 1 1
0 0 0 0 0
1 1 1 1 1
0 0 0 0 0
0 0 0 0 0
0 0 0 0 0
3 3 3 3 3
1 1 1 1 1
1 1 2 2 2
9 9 9 9 9
0 0 0 0 0
0 0 0 0 0
0 0 0 0 0
0 0 0 0 0
0 0 0 0 0
0 0 0 0 0
4 4 4 4 4
0 0 0 0 0
2 2 2 2 2
1 1 1 1 1
0 0 0 0 0
12 12 12 12 12
0 0 0 0 0
3 3 4 5 6
2 2 2 2 2
0 0 0 0 0
0 0 0 0 0
0 0 0 0 0
16 16 16 16 15
1 1 1 0 0
1 1 1 1 1
3 3 3 3 3
0 0 0 0 0
11 11 11 11 11
1 1 1 1 1
0 0 0 0 0
0 0 0 0 0
1 1 0 0 0
0 0 0 0 0
3 3 3 3 3
1 0 0 0 0
0 0 0 0 0
5 5 5 5 5
0 0 0 0 0
0 0 0 0 0
3 3 3 3 3
0 0 0 0 0
0 0 0 0 0
1 1 1 1 1
2 2 2 2 2
0 0 0 0 0
0 2 2 2 2
1 1 1 1 1
0 0 0 0 0
0 0 0 0 0
2 2 2 2 2
2 2 2 2 2
6 6 6 6 6
0 0 0 0 0
10 10 10 10 10
1 1 1 1 1
0 0 0 0 1
0 0 0 0 0
0 0 0 0 0
1 1 1 1 1
0 0 0 0 0
2 2 2 2 2
2 2 2 2 2
2 2 2 2 2
0 0 0 0 0
5 5 6 6 6
1 1 1 1 1
0 0 0 0 0
0 0 0 0 0
14 14 14 14 14
0 0 0 0 0
2 2 2 2 2
0 0 0 0 0
0 0 0 0 0
1 1 1 1 1
1 1 1 1 1
1 1 1 1 1
2 2 2 2 2
1 1 1 1 1
0 0 0 0 0
0 0 0 0 0
0 0 0 0 0
0 0 0 0 0
0 0 0 0 0
1 1 1 1 1
0 0 0 0 0
8 8 8 8 8
2 2 2 2 2
0 0 0 0 0
1 1 1 1 1
0 0 0 0 0
0 0 0 0 0
0 0 0 0 0
5 5 5 5 5
5 5 5 5 5
0 0 0 0 0
9 8 8 8 8
6 6 6 6 7
0 0 0 0 0
0 0 0 0 0
1 1 1 1 1
0 0 0 0 0
0 0 0 0 0
0 0 0 0 0
0 0 0 0 0
14 14 14 14 13
0 0 0 0 0
