117.9534033978947 118.97190480449443 119.9575513270103 120.97605273361002 121.96169925612588 122.98020066272561 123.99870206932533 124.98434859184118
25.66277803065391 26.681279437253636 27.6669259597695 28.685427366369222 29.671073888885086 30.68957529548481 31.708076702084536 32.6937232246004
77.304416537947 78.32291794454673 79.3085644670626 80.32706587366232 81.31271239617818 82.33121380277791 83.34971520937764 84.3353617318935
63.35462099457514 64.37312240117487 65.35876892369073 66.37727033029046 67.36291685280632 68.38141825940605 69.39991966600577 70.38556618852162
96.9489750854265 97.96747649202622 98.95312301454209 99.97162442114181 100.95727094365768 101.9757723502574 102.99427375685713 103.97992027937299
91.863005846192 92.88150725279172 93.86715377530757 94.8856551819073 95.87130170442316 96.88980311102289 97.90830451762261 98.89395104013848
61.117324586861244 62.13582599346096 63.121472515976826 64.13997392257656 65.12562044509241 66.14412185169213 67.16262325829186 68.14826978080772
29.885381817863777 30.903883224463502 31.889529746979367 32.90803115357909 33.89367767609495 34.91217908269468 35.9306804892944 36.91632701181027
114.10118550156555 115.11968690816528 116.10533343068114 117.12383483728087 118.10948135979673 119.12798276639646 120.14648417299618 121.13213069551203
18.75493413926668 19.773435545866406 20.75908206838227 21.777583474981995 22.763229997497856 23.78173140409758 24.800232810697306 25.78587933321317
3.1657306717074576 4.184232078307183 5.169878600823045 6.18838000742277 7.174026529938633 8.192527936538358 9.211029343138083 10.196675865653946
62.812760962085314 63.83126236868504 64.8169088912009 65.83541029780062 66.82105682031649 67.83955822691621 68.85805963351594 69.8437061560318
34.907122347937786 35.92562375453751 36.911270277053376 37.9297716836531 38.91541820616896 39.93391961276868 40.95242101936841 41.93806754188427
13.650234646616061 14.668736053215786 15.654382575731649 16.672883982331374 17.658530504847235 18.67703191144696 19.695533318046685 20.68117984056255
116.2691021341985 117.28760354079823 118.2732500633141 119.29175146991382 120.27739799242968 121.29589939902941 122.31440080562913 123.300047328145
88.1648410097401 89.18334241633983 90.16898893885569 91.18749034545542 92.17313686797128 93.191638274571 94.21013968117073 95.1957862036866
100.87352110508012 101.89202251167984 102.8776690341957 103.89617044079542 104.88181696331128 105.900318369911 106.91881977651073 107.9044662990266
84.14671575163533 85.16521715823505 86.15086368075092 87.16936508735064 88.1550116098665 89.17351301646623 90.19201442306596 91.17766094558182
55.18048565716993 56.19898706376966 57.18463358628552 58.203134992885246 59.188781515401104 60.20728292200083 61.225784328600554 62.21143085111642
80.69337491605653 81.71187632265625 82.69752284517212 83.71602425177184 84.7016707742877 85.72017218088743 86.73867358748716 87.72432011000302
95.87421820396342 96.89271961056315 97.87836613307901 98.89686753967874 99.8825140621946 100.90101546879433 101.91951687539405 102.90516339790992
23.127996695118085 24.146498101717807 25.13214462423367 26.150646030833396 27.136292553349257 28.154793959948982 29.173295366548707 30.15894188906457
105.34982320269714 106.36832460929686 107.35397113181273 108.37247253841245 109.35811906092832 110.37662046752804 111.39512187412777 112.38076839664363
82.95535902935113 83.97386043595085 84.9595069584667 85.97800836506643 86.9636548875823 87.98215629418202 89.00065770078174 89.98630422329761
52.73401942506995 53.75252083166968 54.738167354185535 55.75666876078526 56.742315283301124 57.76081668990085 58.779318096500575 59.76496461901644
54.48087282688138 55.499374233481106 56.48502075599697 57.50352216259669 58.48916868511255 59.50767009171228 60.526171498312 61.51181802082787
54.46362512006863 55.48212652666835 56.46777304918422 57.48627445578394 58.471920978299806 59.49042238489953 60.50892379149926 61.49457031401512
49.51470069466785 50.53320210126758 51.51884862378344 52.53735003038316 53.52299655289902 54.54149795949875 55.559999366098474 56.54564588861434
34.69267059822508 35.7111720048248 36.69681852734066 37.715319933940386 38.70096645645625 39.719467863055975 40.7379692696557 41.723615792171564
89.75591147738223 90.77441288398195 91.76005940649782 92.77856081309754 93.7642073356134 94.78270874221313 95.80121014881286 96.78685667132872
10.793633972254355 11.81213537885408 12.797781901369943 13.816283307969668 14.80192983048553 15.820431237085254 16.83893264368498 17.82457916620084
48.72905830334945 49.74755970994917 50.73320623246504 51.75170763906476 52.737354161580626 53.75585556818035 54.774356974780076 55.76000349729593
22.716696939932604 23.735198346532325 24.72084486904819 25.739346275647915 26.724992798163775 27.7434942047635 28.761995611363226 29.74764213387909
27.349365086209847 28.367866492809572 29.353513015325433 30.372014421925158 31.357660944441022 32.37616235104075 33.39466375764047 34.38031028015634
9.6288655596396 10.647366966239325 11.633013488755187 12.651514895354913 13.637161417870775 14.6556628244705 15.674164231070225 16.659810753586086
81.64829631264769 82.66679771924741 83.65244424176328 84.670945648363 85.65659217087887 86.67509357747859 87.69359498407832 88.67924150659417
48.136405985977355 49.15490739257708 50.14055391509294 51.15905532169266 52.14470184420853 53.16320325080825 54.18170465740798 55.16735117992384
15.582245058267985 16.600746464867708 17.586392987383572 18.604894393983297 19.59054091649916 20.609042323098883 21.62754372969861 22.613190252214473
35.058311708431155 36.07681311503088 37.062459637546745 38.08096104414647 39.066607566662334 40.08510897326206 41.103610379861784 42.08925690237764
89.60700183439769 90.62550324099742 91.61114976351328 92.62965117011301 93.61529769262887 94.6337990992286 95.65230050582832 96.63794702834419
47.04340304538918 48.0619044519889 49.04755097450476 50.066052381104484 51.05169890362035 52.07020031022007 53.0887017168198 54.07434823933566
91.27756623833632 92.29606764493604 93.28171416745191 94.30021557405163 95.2858620965675 96.30436350316722 97.32286490976695 98.30851143228281
122.32277051623997 123.3412719228397 124.32691844535556 125.34541985195528 126.33106637447115 127.34956778107087 128.36806918767059 129.35371571018646
121.4611801386902 122.47968154528992 123.46532806780579 124.48382947440551 125.46947599692137 126.4879774035211 127.50647881012083 128.49212533263668
91.79919327532012 92.81769468191985 93.80334120443571 94.82184261103544 95.8074891335513 96.82599054015103 97.84449194675075 98.83013846926661
15.498928152376694 16.517429558976417 17.50307608149228 18.521577488092007 19.507224010607867 20.525725417207592 21.544226823807318 22.529873346323182
76.3991665754031 77.41766798200283 78.40331450451869 79.42181591111841 80.40746243363428 81.425963840234 82.44446524683373 83.4301117693496
3.872684066826226 4.891185473425951 5.876831995941814 6.895333402541538 7.880979925057401 8.899481331657126 9.917982738256852 10.903629260772714
36.53565508684109 37.554156493440814 38.53980301595667 39.5583044225564 40.54395094507226 41.562452351671986 42.58095375827171 43.566600280787576
120.94653641264213 121.96503781924186 122.95068434175772 123.96918574835745 124.95483227087331 125.97333367747304 126.99183508407276 127.97748160658863
46.07704685471525 47.095548261314974 48.08119478383083 49.099696190430556 50.08534271294642 51.103844119546146 52.12234552614587 53.107992048661735
54.38402674212642 55.40252814872615 56.38817467124201 57.40667607784174 58.3923226003576 59.41082400695733 60.42932541355705 61.41497193607292
52.806038726934084 53.82454013353381 54.81018665604967 55.8286880626494 56.81433458516526 57.83283599176499 58.851337398364706 59.83698392088057
14.424661352084954 15.443162758684679 16.428809281200543 17.447310687800268 18.43295721031613 19.451458616915854 20.46996002351558 21.455606546031444
50.49225967679008 51.5107610833898 52.49640760590567 53.51490901250539 54.500555535021256 55.51905694162098 56.5375583482207 57.52320487073656
85.50443487621999 86.52293628281971 87.50858280533558 88.5270842119353 89.51273073445115 90.53123214105088 91.5497335476506 92.53538007016647
57.17170659942063 58.190208006020356 59.17585452853621 60.19435593513594 61.1800024576518 62.19850386425153 63.21700527085125 64.20265179336711
54.43936104171277 55.4578624483125 56.44350897082836 57.462010377428086 58.44765689994395 59.466158306543676 60.4846597131434 61.47030623565926
25.88125520791742 26.899756614517145 27.885403137033006 28.90390454363273 29.889551066148595 30.90805247274832 31.926553879348045 32.912200401863906
40.31865467957742 41.337156086177146 42.32280260869301 43.341304015292735 44.32695053780859 45.34545194440832 46.36395335100804 47.34959987352391
78.52550947505956 79.54401088165929 80.52965740417515 81.54815881077488 82.53380533329074 83.55230673989047 84.5708081464902 85.55645466900606
61.489273324495976 62.5077747310957 63.493421253611565 64.5119226602113 65.49756918272715 66.51607058932687 67.5345719959266 68.52021851844246
53.80257085437149 54.82107226097121 55.80671878348708 56.825220190086796 57.81086671260266 58.829368119202385 59.84786952580211 60.833516048317975
101.43289706648474 102.45139847308447 103.43704499560033 104.45554640220006 105.44119292471592 106.45969433131565 107.47819573791537 108.46384226043124
15.653603976201504 16.672105382801227 17.65775190531709 18.676253311916817 19.661899834432678 20.680401241032403 21.698902647632128 22.684549170147992
98.7345981897111 99.75309959631082 100.73874611882668 101.75724752542641 102.74289404794227 103.761395454542 104.77989686114172 105.76554338365759
59.48420546204843 60.502706868648154 61.48835339116401 62.50685479776374 63.4925013202796 64.51100272687933 65.52950413347905 66.51515065599492
38.2864900480883 39.30499145468802 40.29063797720388 41.309139383803604 42.29478590631947 43.31328731291919 44.33178871951892 45.31743524203478
68.15884552234323 69.17734692894295 70.16299345145882 71.18149485805853 72.16714138057439 73.18564278717412 74.20414419377384 75.1897907162897
118.63580683077377 119.6543082373735 120.63995475988936 121.65845616648909 122.64410268900495 123.66260409560466 124.68110550220439 125.66675202472025
61.7154119245737 62.733913331173426 63.71955985368929 64.73806126028902 65.72370778280488 66.7422091894046 67.76071059600433 68.7463571185202
93.88580461877307 94.90430602537279 95.88995254788865 96.90845395448838 97.89410047700424 98.91260188360397 99.9311032902037 100.91674981271956
1.0289177156272886 2.0474191222270135 3.033065644742876 4.051567051342601 5.037213573858464 6.0557149804581885 7.074216387057914 8.059862909573777
18.469888252705775 19.4883896593055 20.47403618182136 21.492537588421087 22.47818411093695 23.496685517536676 24.5151869241364 25.500833446652262
25.51034611441561 26.528847521015336 27.5144940435312 28.532995450130926 29.518641972646787 30.537143379246512 31.555644785846237 32.5412913083621
44.977829467560746 45.99633087416047 46.981977396676335 48.00047880327606 48.98612532579192 50.00462673239164 51.02312813899137 52.00877466150723
117.92556347152919 118.94406487812891 119.92971140064478 120.9482128072445 121.93385932976037 122.95236073636009 123.97086214295982 124.95650866547568
58.712380029858394 59.73088143645812 60.716527958973984 61.73502936557371 62.72067588808957 63.7391772946893 64.75767870128902 65.74332522380489
47.46799420514377 48.48649561174349 49.47214213425936 50.49064354085908 51.47629006337494 52.494791469974665 53.51329287657439 54.498939399090254
85.61593187783154 86.63443328443127 87.62007980694713 88.63858121354686 89.62422773606272 90.64272914266245 91.66123054926217 92.64687707177804
61.079710465573484 62.09821187217321 63.08385839468907 64.1023598012888 65.08800632380466 66.10650773040439 67.1250091370041 68.11065565951996
46.4623883378851 47.48088974448483 48.46653626700069 49.48503767360042 50.47068419611628 51.489185602716006 52.50768700931573 53.49333353183159
77.33266268111065 78.35116408771037 79.33681061022624 80.35531201682596 81.34095853934183 82.35945994594155 83.37796135254128 84.36360787505714
63.72601708415946 64.74451849075918 65.73016501327504 66.74866641987477 67.73431294239063 68.75281434899036 69.77131575559008 70.75696227810595
79.19266761694855 80.21116902354828 81.19681554606414 82.21531695266387 83.20096347517973 84.21946488177946 85.23796628837918 86.22361281089505
96.13270397026938 97.1512053768691 98.13685189938496 99.15535330598469 100.14099982850055 101.15950123510027 102.17800264169999 103.16364916421585
70.05721912306359 71.07572052966331 72.06136705217918 73.0798684587789 74.06551498129477 75.0840163878945 76.10251779449422 77.08816431701008
63.0115631391777 64.03006454577742 65.01571106829329 66.03421247489301 67.01985899740887 68.0383604040086 69.05686181060832 70.04250833312419
79.3041213185608 80.32262272516053 81.30826924767639 82.32677065427612 83.31241717679198 84.3309185833917 85.34941998999143 86.3350665125073
46.86741310871849 47.88591451531821 48.87156103783407 49.890062444433795 50.87570896694966 51.894210373549384 52.91271178014911 53.898358302664974
92.75788154939679 93.77638295599651 94.76202947851237 95.7805308851121 96.76617740762796 97.78467881422769 98.80318022082741 99.78882674334328
90.64735588113832 91.66585728773805 92.65150381025391 93.67000521685364 94.6556517393695 95.67415314596923 96.69265455256895 97.67830107508482
64.72265943859217 65.7411608451919 66.72680736770775 67.74530877430747 68.73095529682334 69.74945670342306 70.76795811002279 71.75360463253865
56.76254184472569 57.781043251325414 58.76668977384128 59.785191180441004 60.77083770295686 61.789339109556586 62.80784051615631 63.793487038672176
32.993677279098435 34.01217868569816 34.997825208214024 36.01632661481375 37.001973137329614 38.02047454392934 39.038975950529064 40.02462247304493
115.23679103647272 116.25529244307245 117.24093896558831 118.25944037218804 119.2450868947039 120.26358830130363 121.28208970790335 122.26773623041922
13.242413664285449 14.260915070885172 15.246561593401037 16.26506300000076 17.250709522516622 18.269210929116348 19.287712335716073 20.273358858231937
75.18960687914345 76.20810828574318 77.19375480825904 78.21225621485877 79.19790273737463 80.21640414397436 81.23490555057408 82.22055207308995
46.0475988217113 47.06610022831102 48.05174675082689 49.07024815742661 50.055894679942476 51.0743960865422 52.092897493141926 53.07854401565778
122.21347025720355 123.23197166380328 124.21761818631913 125.23611959291885 126.22176611543472 127.24026752203444 128.25876892863417 129.24441545115005
