1.9030899869919435 1.8195439355418688 1.863322860120456 1.6901960800285136 1.7558748556724915 1.7781512503836436 1.8388490907372552 1.7993405494535817 1.863322860120456 1.3617278360175928 1.8260748027008264 1.9242792860618816
0.0 0.0 0.47712125471966244 0.0 0.0 0.0 0.0 0.0 0.0 0.0 0.3010299956639812 0.0
0.0 0.0 0.0 0.0 0.0 0.0 0.0 0.0 0.0 0.0 0.0 0.0
0.0 0.0 0.0 0.0 0.0 0.0 0.0 0.0 0.0 0.0 0.0 0.0
0.3010299956639812 0.47712125471966244 0.47712125471966244 0.0 0.0 0.3010299956639812 0.0 0.0 0.3010299956639812 0.0 0.0 0.3010299956639812
0.0 0.0 0.0 0.0 0.0 0.0 0.3010299956639812 0.0 0.0 0.0 0.0 0.0
0.3010299956639812 0.0 0.0 0.0 0.0 0.0 0.0 0.0 0.0 0.0 0.0 0.0
0.6989700043360189 0.47712125471966244 0.0 0.0 0.0 0.47712125471966244 0.3010299956639812 0.0 0.3010299956639812 0.0 0.3010299956639812 0.0
0.6989700043360189 1.1139433523068367 1.0791812460476249 1.1760912590556813 1.2041199826559248 1.146128035678238 1.255272505103306 0.9030899869919435 1.3010299956639813 0.0 0.7781512503836436 0.7781512503836436
0.3010299956639812 0.47712125471966244 0.6020599913279624 0.6989700043360189 0.7781512503836436 0.7781512503836436 0.7781512503836436 0.3010299956639812 0.47712125471966244 0.0 0.47712125471966244 0.0
0.0 0.47712125471966244 0.6020599913279624 0.47712125471966244 0.6020599913279624 0.0 0.6020599913279624 0.3010299956639812 0.6989700043360189 0.3010299956639812 0.8450980400142568 0.6020599913279624
0.0 0.0 0.0 0.0 0.0 0.0 0.0 0.0 0.0 0.0 0.0 0.0
0.0 0.0 0.0 0.0 0.0 0.0 0.0 0.0 0.0 0.0 0.0 0.0
2.4313637641589874 2.550228353055094 2.584331224367531 2.5998830720736876 2.531478917042255 2.482873583608754 2.6232492903979003 2.505149978319906 2.5634810853944106 2.1398790864012365 2.4983105537896004 2.482873583608754
0.47712125471966244 0.0 0.0 0.0 0.0 0.0 0.0 0.0 0.0 0.0 0.0 0.0
0.0 0.3010299956639812 0.0 0.6989700043360189 0.3010299956639812 0.3010299956639812 0.0 0.3010299956639812 0.3010299956639812 0.3010299956639812 0.6989700043360189 0.0
0.6020599913279624 0.3010299956639812 0.47712125471966244 0.9030899869919435 0.7781512503836436 0.6020599913279624 0.47712125471966244 0.0 0.0 0.0 0.3010299956639812 0.6989700043360189
0.3010299956639812 0.0 0.0 0.0 0.3010299956639812 0.0 0.0 0.0 0.0 0.47712125471966244 0.0 0.47712125471966244
0.0 0.0 0.0 0.0 0.0 0.0 0.0 0.0 0.0 0.0 0.0 0.0
0.0 0.0 0.0 0.0 0.0 0.3010299956639812 0.0 0.0 0.0 0.0 0.0 0.0
0.0 0.0 0.0 0.0 0.0 0.0 0.0 0.0 0.3010299956639812 0.0 0.0 0.0
0.0 0.0 0.0 0.0 0.0 0.0 0.0 0.0 0.0 0.0 0.0 0.0
0.0 0.0 0.0 0.0 0.0 0.0 0.0 0.0 0.0 0.0 0.0 0.0
0.3010299956639812 0.3010299956639812 0.0 0.0 0.3010299956639812 0.0 0.3010299956639812 0.0 0.0 0.0 0.0 0.0
0.0 0.0 0.0 0.0 0.0 0.0 0.0 0.0 0.0 0.0 0.0 0.0
0.6989700043360189 0.6989700043360189 0.6989700043360189 0.47712125471966244 0.6989700043360189 0.8450980400142568 0.9542425094393249 0.47712125471966244 0.6989700043360189 0.0 0.47712125471966244 0.8450980400142568
0.8450980400142568 0.7781512503836436 1.0791812460476249 0.47712125471966244 0.47712125471966244 1.0413926851582251 0.6989700043360189 0.9542425094393249 0.47712125471966244 0.0 0.6989700043360189 0.6989700043360189
0.0 0.47712125471966244 0.3010299956639812 0.0 0.0 0.0 0.0 0.3010299956639812 0.3010299956639812 0.0 0.3010299956639812 0.0
0.0 0.0 0.0 0.0 0.0 0.0 0.0 0.0 0.0 0.0 0.0 0.0
0.0 0.0 0.0 0.0 0.0 0.0 0.0 0.0 0.0 0.0 0.0 0.0
0.0 0.0 0.0 0.3010299956639812 0.0 0.0 0.0 0.0 0.0 0.0 0.0 0.0
0.0 0.0 0.0 0.0 0.0 0.0 0.0 0.0 0.0 0.0 0.0 0.0
0.0 0.0 0.0 0.0 0.0 0.0 0.0 0.0 0.0 0.0 0.0 0.0
0.6989700043360189 0.9030899869919435 0.47712125471966244 0.6989700043360189 0.7781512503836436 0.7781512503836436 0.7781512503836436 0.8450980400142568 0.47712125471966244 0.8450980400142568 0.6020599913279624 0.7781512503836436
0.0 0.0 0.0 0.0 0.0 0.0 0.0 0.47712125471966244 0.47712125471966244 0.0 0.0 0.0
0.0 0.0 0.0 0.3010299956639812 0.0 0.0 0.0 0.0 0.0 0.0 0.0 0.0
0.0 0.0 0.0 0.0 0.0 0.0 0.0 0.0 0.0 0.0 0.0 0.0
0.0 0.0 0.0 0.0 0.0 0.0 0.0 0.0 0.0 0.0 0.0 0.0
0.0 0.0 0.0 0.0 0.0 0.0 0.3010299956639812 0.0 0.0 0.0 0.3010299956639812 0.0
0.0 0.3010299956639812 0.0 0.0 0.0 0.0 0.3010299956639812 0.0 0.0 0.0 0.0 0.0
1.662757831681574 1.6020599913279623 1.7160033436347992 1.7481880270062005 1.5314789170422551 1.9294189257142926 1.6812412373755872 1.591064607026499 1.7708520116421442 1.2041199826559248 1.6334684555795864 1.5314789170422551
0.0 0.0 0.0 0.0 0.0 0.0 0.0 0.0 0.0 0.0 0.0 0.0
0.0 0.0 0.3010299956639812 0.0 0.0 0.0 0.0 0.0 0.0 0.0 0.0 0.0
0.0 0.0 0.47712125471966244 0.0 0.3010299956639812 0.0 0.3010299956639812 0.0 0.0 0.0 0.0 0.0
0.0 0.0 0.0 0.0 0.0 0.0 0.0 0.0 0.0 0.0 0.0 0.0
1.6334684555795864 1.505149978319906 1.5797835966168101 1.4913616938342726 1.5797835966168101 1.505149978319906 1.5440680443502757 1.5185139398778875 1.5185139398778875 1.2787536009528289 1.6334684555795864 1.5314789170422551
0.47712125471966244 0.7781512503836436 0.6989700043360189 0.6020599913279624 0.3010299956639812 0.3010299956639812 0.6020599913279624 0.8450980400142568 0.47712125471966244 0.0 0.47712125471966244 0.0
0.3010299956639812 0.3010299956639812 0.3010299956639812 0.3010299956639812 0.0 0.3010299956639812 0.0 0.0 0.3010299956639812 0.0 0.47712125471966244 0.3010299956639812
0.0 0.0 0.0 0.0 0.0 0.0 0.0 0.0 0.0 0.0 0.0 0.0
0.0 0.0 0.0 0.0 0.0 0.0 0.0 0.0 0.0 0.0 0.0 0.0
0.0 0.0 0.0 0.0 0.0 0.0 0.0 0.0 0.0 0.3010299956639812 0.0 0.0
0.0 0.0 0.0 0.0 0.0 0.0 0.0 0.0 0.0 0.0 0.0 0.0
0.0 0.0 0.0 0.0 0.0 0.0 0.0 0.0 0.0 0.0 0.0 0.0
0.8450980400142568 0.47712125471966244 0.6989700043360189 0.0 0.3010299956639812 0.3010299956639812 0.47712125471966244 0.3010299956639812 0.47712125471966244 0.0 0.3010299956639812 0.3010299956639812
1.3010299956639813 1.4913616938342726 1.3979400086720377 1.1760912590556813 1.3222192947339193 1.2787536009528289 1.3010299956639813 1.3424226808222062 1.3424226808222062 0.7781512503836436 1.2041199826559248 1.0
0.0 0.0 0.0 0.0 0.0 0.0 0.0 0.47712125471966244 0.3010299956639812 0.0 0.0 0.3010299956639812
1.7634279935629373 1.591064607026499 1.724275869600789 1.6901960800285136 1.7708520116421442 1.8692317197309762 1.7075701760979363 1.6232492903979006 1.7075701760979363 1.0413926851582251 1.7075701760979363 1.7558748556724915
0.0 0.0 0.0 0.0 0.0 0.0 0.0 0.0 0.0 0.0 0.3010299956639812 0.0
0.0 0.0 0.3010299956639812 0.0 0.0 0.0 0.0 0.0 0.0 0.0 0.0 0.0
1.3010299956639813 1.0413926851582251 1.0791812460476249 0.9030899869919435 1.0 1.0 1.0 0.7781512503836436 0.9030899869919435 0.6020599913279624 0.9030899869919435 0.9542425094393249
1.2787536009528289 1.3222192947339193 1.414973347970818 1.3617278360175928 1.3222192947339193 1.1139433523068367 1.1139433523068367 0.9542425094393249 1.0413926851582251 0.8450980400142568 1.0 1.255272505103306
1.3979400086720377 1.3424226808222062 1.5440680443502757 1.462397997898956 1.462397997898956 1.1139433523068367 1.462397997898956 1.2787536009528289 1.2787536009528289 0.7781512503836436 1.3010299956639813 1.0413926851582251
0.9030899869919435 1.0413926851582251 1.0413926851582251 0.6020599913279624 1.0 1.1139433523068367 0.9542425094393249 0.9542425094393249 0.6989700043360189 0.47712125471966244 0.9542425094393249 0.6020599913279624
0.0 0.0 0.0 0.0 0.0 0.0 0.0 0.0 0.0 0.0 0.0 0.0
0.3010299956639812 0.0 0.0 0.0 0.0 0.0 0.0 0.0 0.0 0.0 0.0 0.0
0.6020599913279624 0.47712125471966244 1.0 1.0 0.6989700043360189 0.6989700043360189 0.47712125471966244 0.6020599913279624 0.47712125471966244 0.0 0.0 0.47712125471966244
0.0 0.0 0.0 0.0 0.0 0.0 0.0 0.0 0.0 0.0 0.0 0.0
0.47712125471966244 0.47712125471966244 0.3010299956639812 0.0 0.0 0.0 0.0 0.0 0.0 0.0 0.0 0.0
0.6020599913279624 0.6020599913279624 0.0 0.0 0.0 0.0 0.3010299956639812 0.3010299956639812 0.3010299956639812 0.0 0.0 0.9542425094393249
0.3010299956639812 0.0 0.47712125471966244 0.0 0.47712125471966244 0.3010299956639812 0.0 0.0 0.3010299956639812 0.0 0.3010299956639812 0.0
0.0 0.0 0.0 0.0 0.0 0.0 0.0 0.0 0.0 0.0 0.0 0.0
0.9030899869919435 0.6020599913279624 0.6989700043360189 0.8450980400142568 0.47712125471966244 0.6020599913279624 0.47712125471966244 0.6989700043360189 0.6020599913279624 0.3010299956639812 0.3010299956639812 0.9542425094393249
0.0 0.0 0.0 0.0 0.0 0.0 0.0 0.0 0.0 0.0 0.0 0.0
0.7781512503836436 1.0 0.7781512503836436 0.7781512503836436 0.6989700043360189 0.9030899869919435 0.3010299956639812 1.0413926851582251 0.9542425094393249 0.6020599913279624 0.9030899869919435 0.7781512503836436
0.0 0.0 0.0 0.0 0.0 0.3010299956639812 0.0 0.0 0.0 0.0 0.0 0.0
0.3010299956639812 0.0 0.3010299956639812 0.3010299956639812 0.3010299956639812 0.3010299956639812 0.47712125471966244 0.0 0.3010299956639812 0.3010299956639812 0.3010299956639812 0.0
0.6020599913279624 0.0 0.6020599913279624 0.47712125471966244 0.47712125471966244 0.47712125471966244 0.3010299956639812 0.0 0.0 0.0 0.3010299956639812 0.3010299956639812
1.2787536009528289 1.146128035678238 1.3617278360175928 1.146128035678238 1.2304489213782739 1.1139433523068367 1.3424226808222062 1.1139433523068367 1.1139433523068367 0.6020599913279624 1.146128035678238 1.255272505103306
0.47712125471966244 0.0 0.0 0.3010299956639812 0.0 0.6989700043360189 0.3010299956639812 0.3010299956639812 0.7781512503836436 0.0 0.47712125471966244 0.3010299956639812
0.0 0.0 0.0 0.3010299956639812 0.0 0.0 0.0 0.0 0.0 0.0 0.0 0.0
0.3010299956639812 0.0 0.0 0.3010299956639812 0.0 0.3010299956639812 0.3010299956639812 0.3010299956639812 0.0 0.3010299956639812 0.3010299956639812 0.3010299956639812
0.0 0.0 0.0 0.0 0.0 0.0 0.0 0.0 0.0 0.0 0.0 0.0
0.0 0.0 0.0 0.0 0.0 0.0 0.0 0.0 0.0 0.0 0.0 0.0
0.0 0.3010299956639812 0.0 0.0 0.0 0.0 0.0 0.0 0.0 0.0 0.0 0.0
0.0 0.0 0.0 0.0 0.0 0.0 0.0 0.0 0.0 0.0 0.0 0.0
0.6020599913279624 0.6020599913279624 0.6020599913279624 0.6989700043360189 0.6020599913279624 0.6020599913279624 0.3010299956639812 0.47712125471966244 0.0 0.3010299956639812 0.6020599913279624 0.6020599913279624
0.0 0.0 0.0 0.0 0.0 0.0 0.0 0.0 0.0 0.0 0.0 0.0
1.6232492903979006 1.5563025007672873 1.591064607026499 1.462397997898956 1.5314789170422551 1.462397997898956 1.6720978579357175 1.414973347970818 1.6434526764861874 1.462397997898956 1.5440680443502757 1.462397997898956
0.0 0.0 0.0 0.0 0.3010299956639812 0.0 0.47712125471966244 0.0 0.0 0.0 0.0 0.3010299956639812
0.0 0.0 0.0 0.0 0.0 0.0 0.0 0.0 0.0 0.0 0.0 0.0
0.0 0.0 0.0 0.0 0.0 0.0 0.0 0.0 0.0 0.0 0.0 0.0
0.0 0.0 0.0 0.0 0.0 0.0 0.0 0.0 0.0 0.0 0.0 0.0
0.0 0.0 0.0 0.0 0.0 0.0 0.0 0.0 0.0 0.0 0.0 0.0
0.3010299956639812 0.0 0.3010299956639812 0.0 0.0 0.0 0.3010299956639812 0.3010299956639812 0.0 0.47712125471966244 0.6020599913279624 0.3010299956639812
1.6812412373755872 1.6812412373755872 1.662757831681574 1.7634279935629373 1.6232492903979006 1.591064607026499 1.505149978319906 1.505149978319906 1.591064607026499 1.255272505103306 1.662757831681574 1.6901960800285136
0.0 0.0 0.0 0.0 0.0 0.0 0.0 0.0 0.0 0.0 0.0 0.0
0.0 0.0 0.0 0.0 0.0 0.0 0.0 0.0 0.0 0.0 0.0 0.0
0.0 0.0 0.0 0.0 0.0 0.0 0.0 0.3010299956639812 0.3010299956639812 0.3010299956639812 0.3010299956639812 0.0
0.0 0.0 0.0 0.0 0.0 0.0 0.0 0.0 0.0 0.9030899869919435 1.3424226808222062 1.3222192947339193
0.3010299956639812 0.3010299956639812 0.0 0.0 0.0 0.0 0.3010299956639812 0.0 0.0 0.0 0.0 0.0
