13 13 13 13 13
2 2 2 2 2
0 0 0 0 0
2 2 2 2 2
1 1 1 1 1
1 1 1 1 1
20 20 20 27 27
0 0 0 0 0
0 0 0 0 0
3 3 3 3 3
0 0 0 0 0
1 1 1 1 1
1 1 1 1 1
0 0 0 0 0
0 0 0 0 0
0 0 0 0 0
0 0 0 0 0
12 13 13 14 13
0 0 0 0 0
0 0 0 0 0
5 5 5 5 5
8 8 8 8 8
0 0 0 0 0
1 1 1 1 1
0 0 0 0 0
0 0 0 0 0
18 18 18 18 18
0 0 0 0 0
5 5 5 5 6
0 0 0 0 0
2 2 2 2 2
0 0 0 0 0
13 13 14 14 14
23 23 23 23 23
0 0 0 0 0
4 4 4 4 4
3 3 3 3 3
20 20 20 20 20
13 13 13 13 13
1 1 1 1 1
2 2 2 2 2
1 1 1 1 1
17 17 17 17 17
26 26 26 26 26
5 3 3 3 5
0 0 0 0 0
10 10 10 12 13
8 8 8 8 8
5 5 5 5 5
84 88 87 87 87
0 0 0 0 0
0 0 0 0 0
1 1 1 1 1
0 0 0 0 0
6 6 6 6 6
1 1 1 1 1
0 0 0 0 0
5 5 5 5 5
1 1 1 1 1
31 31 31 31 31
6 6 6 6 6
4 2 2 2 2
0 0 0 0 0
3 3 3 3 5
3 3 3 3 3
0 0 0 0 0
3 3 3 3 3
0 0 0 0 0
0 0 0 0 0
4 4 4 4 4
13 13 13 13 13
6 6 6 6 6
1 1 1 1 1
13 13 13 13 13
0 0 0 0 0
3 3 3 3 3
26 26 26 26 27
0 0 0 0 0
4 4 4 4 4
1 1 1 1 1
1 1 1 1 1
0 0 0 0 0
0 0 0 0 0
1 1 1 1 1
0 0 0 0 0
12 12 13 13 13
2 2 2 2 2
7 7 7 7 7
30 30 30 30 30
0 0 0 0 0
4 6 6 6 7
1 1 1 1 1
0 0 0 0 0
1 1 1 1 1
9 9 9 9 7
0 0 0 0 0
49 49 49 49 49
1 1 1 1 1
14 14 14 14 14
9 9 9 7 7
0 0 0 0 0
2 2 2 2 2
7 7 7 7 7
11 11 11 11 11
6 6 6 6 6
0 0 0 0 0
0 0 0 0 0
11 11 11 11 11
1 1 1 1 1
31 30 30 30 30
5 5 6 5 5
1 1 1 1 1
7 7 7 7 7
1 1 1 1 1
2 2 2 2 2
0 0 0 0 0
0 0 0 0 0
23 23 23 23 23
5 5 5 5 5
23 23 23 23 23
0 0 0 0 0
0 1 1 1 1
13 13 14 15 15
0 0 0 0 0
1 1 1 1 1
0 0 0 0 0
0 0 0 0 0
3 3 3 3 3
2 2 2 2 2
0 0 0 0 0
4 4 4 4 4
4 4 4 4 4
1 1 1 1 1
1 1 1 1 1
4 4 4 4 4
6 6 6 6 6
4 4 4 4 4
1 1 1 1 1
0 0 0 0 0
2 2 2 2 2
33 33 33 33 33
2 2 2 2 2
1 1 1 1 1
38 40 40 39 39
12 12 12 12 14
0 0 0 0 0
13 8 7 7 7
0 0 0 0 0
1 1 1 1 1
4 4 4 4 4
1 1 4 4 4
0 0 0 0 0
4 4 4 4 4
4 4 4 4 4
5 5 5 5 5
6 6 6 6 6
1 3 3 3 3
14 14 14 14 14
0 0 0 0 0
30 30 30 30 30
1 1 1 1 1
2 2 2 2 2
0 0 0 0 0
3 3 3 3 3
7 7 7 7 7
37 37 37 37 39
0 0 0 0 0
0 0 0 0 0
8 8 8 8 8
1 1 1 1 1
1 1 1 1 1
6 6 6 6 4
0 0 0 0 0
1 1 1 1 1
6 6 6 6 6
1 1 1 1 1
3 3 3 3 3
5 5 5 5 5
0 0 0 0 0
4 4 4 4 4
2 2 2 0 0
2 2 2 2 2
12 12 12 12 12
2 2 2 2 2
8 8 10 9 8
2 2 2 2 2
0 0 0 0 0
12 12 12 12 12
0 0 0 0 0
5 5 5 5 5
0 0 0 0 0
0 0 0 0 0
6 6 6 6 6
2 2 2 2 2
5 5 5 5 5
0 0 0 0 0
5 5 5 5 1
24 23 23 23 23
1 1 1 1 1
11 11 11 11 11
1 1 1 1 1
1 1 1 1 1
2 2 2 2 2
22 22 21 21 21
1 1 1 1 1
7 7 7 7 7
0 0 0 0 0
8 8 8 8 8
0 0 0 0 0
0 0 0 0 0
10 10 10 10 10
1 1 1 1 1
33 33 33 34 34
0 0 0 0 0
5 5 5 5 5
5 5 5 5 5
2 2 2 2 2
0 0 0 0 0
10 10 10 10 10
6 6 6 6 6
0 0 0 0 0
50 49 50 50 49
0 0 0 0 0
30 30 17 16 17
2 2 2 2 2
0 0 0 0 0
0 0 0 0 0
28 28 28 28 28
4 3 3 3 2
2 6 2 2 2
3 3 3 3 3
1 1 0 0 0
0 0 0 0 0
4 4 4 4 4
0 0 0 0 0
13 13 13 13 13
3 3 3 3 3
1 1 1 1 1
52 51 51 52 52
0 0 0 0 0
15 15 15 15 15
7 7 7 13 7
11 11 10 10 10
9 9 9 9 9
48 48 48 48 48
0 0 0 0 0
0 0 0 0 0
6 6 6 6 6
5 5 5 4 4
0 0 0 0 0
3 3 3 3 3
5 5 5 5 5
0 0 0 0 0
0 0 0 0 0
5 5 5 5 5
8 8 8 8 8
0 0 0 0 0
2 2 2 1 1
0 0 0 0 0
0 0 0 0 0
11 11 11 6 7
24 24 25 25 25
10 11 11 11 11
8 8 8 8 8
12 12 12 12 13
0 0 0 0 0
0 0 0 0 0
0 0 0 0 0
3 3 3 3 3
2 2 2 2 2
1 1 1 1 1
3 3 3 3 3
8 8 8 8 9
1 1 1 1 1
0 0 0 0 0
8 8 8 8 8
0 0 0 0 0
0 0 0 0 0
0 0 0 0 0
4 4 4 2 2
0 0 0 0 0
0 0 0 0 0
0 0 0 0 0
2 2 2 2 2
0 1 1 1 1
41 41 41 41 41
3 3 3 3 3
0 0 0 0 0
42 42 42 42 42
2 2 2 2 2
19 19 19 19 19
6 6 6 6 6
11 11 11 11 11
8 8 8 8 8
0 1 1 1 1
8 8 8 8 9
4 4 4 3 3
6 6 6 6 6
0 0 0 0 0
4 4 4 4 4
9 9 9 9 9
7 7 7 7 7
16 16 16 16 17
7 7 7 7 7
26 26 27 27 27
7 7 7 7 7
13 13 13 13 13
1 1 1 1 1
2 2 2 2 2
0 0 0 0 0
0 0 0 0 0
6 6 6 6 6
0 0 0 0 0
0 0 0 0 0
43 43 27 27 27
5 5 5 5 5
0 0 1 0 0
1 1 1 1 1
29 27 26 26 29
10 10 5 5 5
0 0 0 0 1
9 9 9 9 9
0 0 0 0 0
0 0 0 0 0
3 3 3 3 3
4 4 4 4 4
5 5 5 5 5
0 0 0 0 0
0 0 0 0 0
34 35 35 37 37
5 5 5 5 5
6 6 6 6 6
5 5 5 5 5
0 0 0 0 0
1 1 1 1 1
3 3 3 3 3
5 5 5 6 6
38 38 38 38 38
8 8 8 8 8
0 0 0 0 0
5 5 5 5 5
8 7 7 7 7
2 2 2 2 2
15 15 15 15 15
7 7 7 7 7
5 5 5 5 5
6 6 6 6 6
12 13 13 13 13
16 16 16 16 16
10 10 10 10 10
0 0 0 0 0
16 16 17 17 17
1 0 0 0 0
14 14 14 14 14
1 1 1 1 1
2 2 2 2 2
0 0 0 0 0
4 4 4 4 4
3 3 3 3 3
4 4 4 4 4
0 0 0 0 0
56 56 56 56 56
0 0 0 0 0
6 6 6 6 6
10 10 10 10 10
3 3 3 3 3
3 3 3 3 3
6 6 6 6 6
6 6 6 6 6
25 25 25 25 25
