1.0 0.0 2.0 3.0
32.0 31.0 52.0 41.0
23.0 25.0 26.0 26.0
8.0 13.0 17.0 11.0
109.0 90.0 82.0 97.0
32.0 31.0 38.0 32.0
0.0 0.0 0.0 1.0
1.0 0.0 0.0 2.0
12.0 12.0 16.0 10.0
6.0 13.0 11.0 15.0
0.0 0.0 0.0 1.0
0.0 1.0 0.0 2.0
96.0 74.0 116.0 111.0
69.0 63.0 79.0 70.0
9.0 6.0 8.0 6.0
17.0 19.0 28.0 15.0
1.0 0.0 0.0 0.0
136.0 93.0 91.0 151.0
3.0 5.0 1.0 6.0
4.0 1.0 3.0 6.0
33.0 37.0 39.0 28.0
0.0 0.0 1.0 3.0
20.0 17.0 27.0 17.0
0.0 0.0 0.0 0.0
20.0 9.0 11.0 14.0
133.0 156.0 154.0 148.0
147.0 184.0 163.0 166.0
4.0 6.0 5.0 4.0
17.0 17.0 7.0 14.0
162.0 160.0 200.0 202.0
357.0 322.0 373.0 362.0
60.0 59.0 79.0 67.0
2.0 2.0 1.0 1.0
17.0 14.0 16.0 13.0
51.0 46.0 52.0 34.0
41.0 30.0 16.0 35.0
29.0 37.0 35.0 24.0
27.0 27.0 18.0 21.0
1.0 0.0 0.0 1.0
11.0 9.0 9.0 11.0
46.0 43.0 46.0 35.0
4.0 6.0 9.0 6.0
160.0 147.0 152.0 112.0
8.0 17.0 19.0 27.0
25.0 25.0 21.0 13.0
0.0 0.0 0.0 1.0
52.0 42.0 47.0 41.0
30.0 32.0 37.0 29.0
30.0 19.0 33.0 22.0
27.0 34.0 25.0 39.0
19.0 12.0 15.0 6.0
11.0 8.0 8.0 9.0
0.0 0.0 0.0 0.0
38.0 47.0 37.0 44.0
451.0 387.0 369.0 793.0
16.0 15.0 36.0 28.0
4.0 6.0 9.0 10.0
5.0 1.0 3.0 4.0
12.0 15.0 12.0 19.0
7.0 8.0 5.0 10.0
10.0 6.0 3.0 4.0
128.0 68.0 94.0 75.0
43.0 44.0 50.0 40.0
268.0 223.0 254.0 284.0
14.0 11.0 9.0 9.0
37.0 23.0 24.0 51.0
49.0 29.0 46.0 45.0
8.0 5.0 9.0 7.0
10.0 7.0 12.0 7.0
18.0 13.0 22.0 13.0
0.0 2.0 0.0 0.0
190.0 146.0 187.0 144.0
22.0 13.0 6.0 12.0
7.0 3.0 4.0 4.0
0.0 0.0 1.0 0.0
1.0 1.0 1.0 0.0
59.0 53.0 58.0 77.0
41.0 31.0 31.0 24.0
21.0 19.0 34.0 39.0
11.0 9.0 3.0 3.0
0.0 0.0 2.0 0.0
325.0 272.0 249.0 187.0
141.0 106.0 134.0 112.0
21.0 39.0 18.0 29.0
0.0 3.0 2.0 2.0
79.0 65.0 72.0 48.0
9.0 23.0 21.0 11.0
13.0 22.0 7.0 11.0
114.0 126.0 96.0 105.0
363.0 387.0 489.0 327.0
12.0 6.0 11.0 16.0
84.0 68.0 71.0 85.0
51.0 49.0 65.0 60.0
41.0 36.0 37.0 31.0
6.0 4.0 8.0 6.0
4.0 7.0 16.0 18.0
0.0 1.0 1.0 0.0
4.0 9.0 3.0 6.0
7.0 11.0 8.0 8.0
32.0 31.0 28.0 37.0
44.0 21.0 14.0 10.0
155.0 140.0 161.0 126.0
116.0 124.0 118.0 121.0
218.0 33.0 34.0 34.0
3.0 1.0 1.0 1.0
191.0 167.0 327.0 200.0
10.0 11.0 13.0 8.0
1.0 1.0 4.0 2.0
15.0 0.0 0.0 0.0
0.0 0.0 0.0 0.0
6.0 7.0 6.0 8.0
80.0 70.0 80.0 76.0
0.0 0.0 0.0 2.0
6.0 1.0 4.0 2.0
3.0 5.0 4.0 9.0
20.0 19.0 14.0 17.0
4.0 6.0 18.0 9.0
6.0 12.0 7.0 7.0
306.0 273.0 264.0 302.0
2.0 1.0 2.0 1.0
17.0 17.0 72.0 21.0
0.0 0.0 0.0 0.0
2.0 4.0 1.0 6.0
12.0 14.0 32.0 24.0
1.0 0.0 1.0 2.0
2.0 6.0 5.0 5.0
2.0 1.0 2.0 0.0
46.0 44.0 44.0 44.0
13.0 8.0 14.0 7.0
26.0 19.0 23.0 29.0
0.0 1.0 1.0 2.0
16.0 8.0 17.0 13.0
31.0 25.0 21.0 23.0
1.0 1.0 1.0 2.0
7.0 11.0 7.0 16.0
30.0 23.0 28.0 24.0
252.0 202.0 231.0 290.0
16.0 10.0 9.0 12.0
6.0 7.0 4.0 5.0
0.0 0.0 0.0 0.0
1.0 4.0 2.0 3.0
24.0 21.0 29.0 23.0
917.0 1158.0 1132.0 1313.0
14.0 4.0 3.0 3.0
68.0 29.0 19.0 24.0
13.0 6.0 12.0 9.0
1.0 1.0 0.0 5.0
52.0 45.0 48.0 48.0
0.0 0.0 0.0 0.0
15.0 10.0 10.0 9.0
24.0 21.0 30.0 19.0
14.0 6.0 4.0 14.0
1.0 0.0 1.0 1.0
0.0 0.0 0.0 0.0
6.0 4.0 7.0 2.0
0.0 0.0 0.0 0.0
12.0 11.0 6.0 18.0
1.0 2.0 1.0 3.0
3.0 0.0 0.0 0.0
0.0 2.0 2.0 5.0
10.0 12.0 9.0 12.0
6.0 0.0 7.0 11.0
16.0 20.0 24.0 28.0
0.0 0.0 0.0 0.0
0.0 0.0 0.0 0.0
65.0 74.0 53.0 82.0
99.0 82.0 77.0 108.0
26.0 28.0 16.0 29.0
14.0 24.0 27.0 29.0
1.0 1.0 1.0 1.0
100.0 118.0 129.0 97.0
1.0 5.0 4.0 2.0
0.0 1.0 0.0 1.0
0.0 0.0 0.0 0.0
2.0 1.0 1.0 3.0
20.0 16.0 16.0 13.0
6.0 8.0 12.0 9.0
0.0 0.0 2.0 4.0
12.0 11.0 3.0 11.0
1.0 1.0 0.0 0.0
88.0 112.0 83.0 107.0
0.0 0.0 0.0 1.0
1.0 0.0 3.0 4.0
39.0 139.0 79.0 223.0
19.0 16.0 23.0 19.0
15.0 18.0 29.0 13.0
13.0 18.0 7.0 7.0
72.0 33.0 64.0 60.0
7.0 7.0 8.0 2.0
15.0 10.0 16.0 10.0
2.0 2.0 3.0 0.0
6.0 1.0 4.0 3.0
25.0 40.0 50.0 38.0
119.0 110.0 116.0 111.0
10.0 2.0 5.0 4.0
1.0 5.0 17.0 7.0
13.0 6.0 10.0 13.0
140.0 140.0 157.0 261.0
160.0 122.0 125.0 101.0
190.0 165.0 177.0 160.0
11.0 2.0 3.0 1.0
259.0 232.0 219.0 229.0
2.0 2.0 1.0 1.0
0.0 0.0 0.0 0.0
10.0 6.0 9.0 7.0
491.0 394.0 468.0 433.0
13.0 6.0 7.0 8.0
13.0 10.0 13.0 16.0
160.0 149.0 163.0 156.0
3.0 2.0 4.0 2.0
5.0 4.0 2.0 1.0
364.0 286.0 283.0 239.0
45.0 30.0 28.0 29.0
20.0 19.0 14.0 25.0
16.0 8.0 10.0 14.0
8.0 11.0 9.0 10.0
83.0 96.0 79.0 84.0
25.0 20.0 27.0 28.0
28.0 29.0 24.0 27.0
9.0 8.0 6.0 6.0
9.0 12.0 8.0 10.0
0.0 0.0 0.0 0.0
173.0 151.0 159.0 156.0
5.0 7.0 11.0 11.0
61.0 47.0 59.0 56.0
1.0 4.0 3.0 0.0
2.0 7.0 7.0 7.0
11.0 10.0 10.0 9.0
31.0 29.0 48.0 33.0
171.0 138.0 229.0 306.0
421.0 413.0 413.0 386.0
0.0 0.0 0.0 0.0
15.0 12.0 18.0 20.0
43.0 31.0 33.0 35.0
1.0 0.0 1.0 0.0
3.0 5.0 1.0 5.0
7.0 15.0 24.0 19.0
3.0 3.0 2.0 1.0
5.0 4.0 2.0 2.0
4.0 9.0 5.0 6.0
12.0 26.0 16.0 30.0
4.0 1.0 9.0 6.0
0.0 0.0 0.0 0.0
134.0 164.0 71.0 55.0
13.0 17.0 11.0 10.0
60.0 54.0 68.0 68.0
8.0 17.0 4.0 12.0
15.0 13.0 21.0 8.0
8.0 5.0 10.0 7.0
50.0 36.0 35.0 39.0
